[
  [
    [
      137.49924833333333,
      137.49924833333333
    ],
    [
      24.999863333333334,
      24.999863333333334
    ],
    [
      137.49924833333333,
      24.999863333333334
    ]
  ],
  [
    [
      295.0005316666667,
      24.999863333333334
    ],
    [
      270.00066833333335,
      150.00071166666666
    ],
    [
      162.50064333333333,
      123.12455666666666
    ],
    [
      162.50064333333333,
      24.999863333333334
    ]
  ],
  [
    [
      282.5006,
      212.50037
    ],
    [
      162.50064333333333,
      212.50037
    ],
    [
      162.50064333333333,
      176.875335
    ],
    [
      270.00066833333335,
      150.00071166666666
    ]
  ]
]
