[
  [
    [
      137.50055047619048,
      137.50055047619048
    ],
    [
      100.00009285714286,
      100.00009285714286
    ],
    [
      85.71460690476191,
      128.57106476190478
    ],
    [
      42.856457857142864,
      42.856457857142864
    ],
    [
      24.99917761904762,
      24.99917761904762
    ],
    [
      137.50055047619048,
      24.99917761904762
    ]
  ],
  [
    [
      324.9994561904762,
      24.99917761904762
    ],
    [
      324.9994561904762,
      42.856457857142864
    ],
    [
      342.8567364285715,
      42.856457857142864
    ],
    [
      324.9994561904762,
      78.57101833333334
    ],
    [
      324.9994561904762,
      212.49977452380955
    ],
    [
      162.4997280952381,
      212.49977452380955
    ],
    [
      162.4997280952381,
      24.99917761904762
    ]
  ]
]
