[
  [
    [
      325.0002616666667,
      25.000396666666667
    ],
    [
      325.0002616666667,
      212.50010833333334
    ],
    [
      180.00057166666667,
      212.50010833333334
    ],
    [
      180.00057166666667,
      119.99929333333334
    ],
    [
      162.499315,
      119.99929333333334
    ],
    [
      162.499315,
      25.000396666666667
    ]
  ],
  [
    [
      137.50055,
      25.000396666666667
    ],
    [
      137.50055,
      119.99929333333334
    ],
    [
      119.99929333333334,
      119.99929333333334
    ],
    [
      25.000396666666667,
      25.000396666666667
    ]
  ]
]
