[
  [
    [
      324.99891353531433,
      212.5004406434286
    ],
    [
      285.71380038628575,
      212.5004406434286
    ],
    [
      285.71380038628575,
      285.71380038628575
    ],
    [
      -14.285690019314286,
      285.71380038628575
    ],
    [
      -14.285690019314286,
      -14.285690019314286
    ],
    [
      285.71380038628575,
      -14.285690019314286
    ],
    [
      285.71380038628575,
      24.999423129714287
    ],
    [
      324.99891353531433,
      24.999423129714287
    ]
  ],
  [
    [
      137.50003363794286,
      24.999423129714287
    ],
    [
      24.999423129714287,
      24.999423129714287
    ],
    [
      137.50003363794286,
      137.50003363794286
    ]
  ],
  [
    [
      162.49945676765716,
      24.999423129714287
    ],
    [
      162.49945676765716,
      212.5004406434286
    ],
    [
      285.7159380026286,
      212.5004406434286
    ],
    [
      285.7159380026286,
      24.999423129714287
    ]
  ]
]
