[
  [
    [
      324.9991126158001,
      212.50070594083337
    ],
    [
      193.74922982870004,
      212.50070594083337
    ],
    [
      287.50034039066674,
      25.00057481646667
    ],
    [
      324.9991126158001,
      25.00057481646667
    ]
  ],
  [
    [
      162.49955630790004,
      25.00057481646667
    ],
    [
      162.49955630790004,
      212.50070594083337
    ],
    [
      193.74922982870004,
      212.50070594083337
    ],
    [
      149.9992688996667,
      300.00062779890004
    ],
    [
      0,
      0
    ],
    [
      300.00062779890004,
      0
    ],
    [
      287.50034039066674,
      25.00057481646667
    ]
  ],
  [
    [
      137.49898149143337,
      25.00057481646667
    ],
    [
      25.00057481646667,
      25.00057481646667
    ],
    [
      137.49898149143337,
      137.49898149143337
    ]
  ]
]
