[
  [
    [
      324.9991126158001,
      212.50070594083337
    ],
    [
      300.00062779890004,
      212.50070594083337
    ],
    [
      300.00062779890004,
      300.00062779890004
    ],
    [
      0,
      300.00062779890004
    ],
    [
      0,
      0
    ],
    [
      300.00062779890004,
      0
    ],
    [
      300.00062779890004,
      25.00057481646667
    ],
    [
      324.9991126158001,
      25.00057481646667
    ]
  ],
  [
    [
      137.49898149143337,
      24.998484816900007
    ],
    [
      24.998484816900007,
      24.998484816900007
    ],
    [
      137.49898149143337,
      137.49898149143337
    ]
  ],
  [
    [
      162.5016463074667,
      24.998484816900007
    ],
    [
      162.5016463074667,
      212.4986159412667
    ],
    [
      300.00062779890004,
      212.4986159412667
    ],
    [
      300.00062779890004,
      24.998484816900007
    ]
  ]
]
