[
  [
    [
      324.9998116666668,
      212.49946000000008
    ],
    [
      193.75069166666674,
      212.49946000000008
    ],
    [
      287.50072666666676,
      24.99939000000001
    ],
    [
      324.9998116666668,
      24.99939000000001
    ]
  ],
  [
    [
      168.7497533333334,
      212.49946000000008
    ],
    [
      162.50068000000005,
      212.49946000000008
    ],
    [
      162.50068000000005,
      175.00037500000005
    ],
    [
      199.99976500000005,
      100.0006566666667
    ],
    [
      162.50068000000005,
      100.0006566666667
    ],
    [
      162.50068000000005,
      50.00032833333335
    ],
    [
      250.0000933333334,
      50.00032833333335
    ]
  ],
  [
    [
      137.49974166666672,
      50.00032833333335
    ],
    [
      137.49974166666672,
      100.0006566666667
    ],
    [
      100.0006566666667,
      100.0006566666667
    ],
    [
      50.00032833333335,
      50.00032833333335
    ]
  ]
]
