[
  [
    [
      325.00096373055,
      212.49982698899998
    ],
    [
      162.49953269685,
      212.49982698899998
    ],
    [
      162.49953269685,
      132.00085286475
    ],
    [
      135.00022508774998,
      164.99964232829998
    ],
    [
      -15.0006577887,
      -15.0006577887
    ],
    [
      285.0011079642,
      -15.0006577887
    ],
    [
      251.6663128782,
      24.99919797765
    ],
    [
      162.49953269685,
      24.99919797765
    ],
    [
      162.49953269685,
      131.9989545279
    ],
    [
      251.6663128782,
      24.99919797765
    ],
    [
      325.00096373055,
      24.99919797765
    ]
  ],
  [
    [
      137.5003347192,
      24.99919797765
    ],
    [
      24.99919797765,
      24.99919797765
    ],
    [
      137.5003347192,
      137.5003347192
    ]
  ]
]
