[
  [
    [
      325.00042666666667,
      212.50005333333334
    ],
    [
      282.4999466666667,
      212.50005333333334
    ],
    [
      270.00042666666667,
      150.00010666666665
    ],
    [
      294.99946666666665,
      25.00021333333333
    ],
    [
      325.00042666666667,
      25.00021333333333
    ]
  ],
  [
    [
      162.49962666666667,
      176.87530666666666
    ],
    [
      162.49962666666667,
      123.12490666666666
    ],
    [
      270.00042666666667,
      150.00010666666665
    ]
  ]
]
