[
  [
    [
      325.00036166666666,
      212.49943333333334
    ],
    [
      162.49923166666667,
      212.49943333333334
    ],
    [
      162.49923166666667,
      132.00060833333333
    ],
    [
      134.999975,
      164.99933666666666
    ],
    [
      -15.000630000000001,
      -15.000630000000001
    ],
    [
      285.00058,
      -15.000630000000001
    ],
    [
      251.66584666666668,
      24.99915166666667
    ],
    [
      325.00036166666666,
      24.99915166666667
    ]
  ]
]
