[
  [
    [
      325.0002616666667,
      25.000396666666667
    ],
    [
      325.0002616666667,
      212.50010833333334
    ],
    [
      280.3578616666667,
      212.50010833333334
    ],
    [
      162.499315,
      47.49944833333333
    ],
    [
      162.499315,
      25.000396666666667
    ]
  ],
  [
    [
      137.50055,
      25.000396666666667
    ],
    [
      137.50055,
      47.49944833333333
    ],
    [
      99.999955,
      99.999955
    ],
    [
      25.000396666666667,
      25.000396666666667
    ]
  ]
]
