[
  [
    [
      137.50055,
      137.50055
    ],
    [
      99.999955,
      99.999955
    ],
    [
      128.57207,
      42.85735666666667
    ],
    [
      42.85735666666667,
      42.85735666666667
    ],
    [
      25.000396666666667,
      25.000396666666667
    ],
    [
      137.50055,
      25.000396666666667
    ]
  ],
  [
    [
      325.0002616666667,
      25.000396666666667
    ],
    [
      325.0002616666667,
      42.85735666666667
    ],
    [
      257.14250833333335,
      42.85735666666667
    ],
    [
      299.999865,
      128.57207
    ],
    [
      325.0002616666667,
      78.57127666666666
    ],
    [
      325.0002616666667,
      212.50010833333334
    ],
    [
      162.499315,
      212.50010833333334
    ],
    [
      162.499315,
      25.000396666666667
    ]
  ]
]
