[
  [
    [
      287.5006266666668,
      25.000120000000013
    ],
    [
      193.7498000000001,
      212.5002666666668
    ],
    [
      168.7496800000001,
      212.5002666666668
    ],
    [
      249.99969333333345,
      50.000240000000026
    ],
    [
      162.50002666666674,
      50.000240000000026
    ],
    [
      162.50002666666674,
      25.000120000000013
    ]
  ],
  [
    [
      137.49990666666673,
      25.000120000000013
    ],
    [
      137.49990666666673,
      50.000240000000026
    ],
    [
      50.000240000000026,
      50.000240000000026
    ],
    [
      25.000120000000013,
      25.000120000000013
    ]
  ],
  [
    [
      199.99945333333343,
      100.00048000000005
    ],
    [
      162.50002666666674,
      174.99933333333342
    ],
    [
      162.50002666666674,
      100.00048000000005
    ]
  ],
  [
    [
      137.49990666666673,
      100.00048000000005
    ],
    [
      137.49990666666673,
      137.49990666666673
    ],
    [
      100.00048000000005,
      100.00048000000005
    ]
  ]
]
