[
  [
    [
      324.9997333333333,
      212.49998
    ],
    [
      224.99950666666666,
      212.49998
    ],
    [
      224.99950666666666,
      300.00068
    ],
    [
      74.99916666666667,
      300.00068
    ],
    [
      74.99916666666667,
      74.99916666666667
    ],
    [
      24.999053333333332,
      24.999053333333332
    ],
    [
      74.99916666666667,
      24.999053333333332
    ],
    [
      74.99916666666667,
      0
    ],
    [
      224.99950666666666,
      0
    ],
    [
      224.99950666666666,
      24.999053333333332
    ],
    [
      324.9997333333333,
      24.999053333333332
    ]
  ]
]
