[
  [
    [
      137.5008334369115,
      137.5008334369115
    ],
    [
      25.00102084745763,
      25.00102084745763
    ],
    [
      137.5008334369115,
      25.00102084745763
    ]
  ],
  [
    [
      324.9989273446328,
      25.00102084745763
    ],
    [
      324.9989273446328,
      212.49911475517894
    ],
    [
      162.4994636723164,
      212.49911475517894
    ],
    [
      162.4994636723164,
      25.00102084745763
    ]
  ],
  [
    [
      -27.683287570621474,
      -149.9989532485876
    ],
    [
      -27.683287570621474,
      149.9989532485876
    ],
    [
      0.3538105838041432,
      149.9989532485876
    ],
    [
      0.3538105838041432,
      -149.9989532485876
    ]
  ]
]
