[
  [
    [
      137.500824973981,
      137.500824973981
    ],
    [
      100.00029249128575,
      100.00029249128575
    ],
    [
      128.57132143340957,
      42.856543413185726
    ],
    [
      42.856543413185726,
      42.856543413185726
    ],
    [
      24.999227525895243,
      24.999227525895243
    ],
    [
      137.500824973981,
      24.999227525895243
    ]
  ],
  [
    [
      325.00010499975247,
      24.999227525895243
    ],
    [
      325.00010499975247,
      42.856543413185726
    ],
    [
      257.14264286681913,
      42.856543413185726
    ],
    [
      299.99918628000484,
      128.57132143340957
    ],
    [
      325.00010499975247,
      78.57117518776668
    ],
    [
      325.00010499975247,
      212.5001987455191
    ],
    [
      162.50005249987623,
      212.5001987455191
    ],
    [
      162.50005249987623,
      24.999227525895243
    ]
  ],
  [
    [
      100.00029249128575,
      100.00029249128575
    ],
    [
      85.71477802022383,
      128.57132143340957
    ],
    [
      42.856543413185726,
      42.856543413185726
    ]
  ],
  [
    [
      325.00010499975247,
      42.856543413185726
    ],
    [
      342.85742088704296,
      42.856543413185726
    ],
    [
      325.00010499975247,
      78.57117518776668
    ]
  ]
]
