[
  [
    [
      137.49976333333336,
      137.49976333333336
    ],
    [
      75.00007666666669,
      75.00007666666669
    ],
    [
      75.00007666666669,
      24.999648333333337
    ],
    [
      137.49976333333336,
      24.999648333333337
    ]
  ],
  [
    [
      162.50054333333335,
      24.999648333333337
    ],
    [
      225.00023000000004,
      24.999648333333337
    ],
    [
      225.00023000000004,
      212.49984000000003
    ],
    [
      162.50054333333335,
      212.49984000000003
    ]
  ]
]
