[
  [
    [
      324.99932476190475,
      212.50070952380952
    ],
    [
      285.7141619047619,
      212.50070952380952
    ],
    [
      285.7141619047619,
      285.7141619047619
    ],
    [
      -14.285708095238094,
      285.7141619047619
    ],
    [
      -14.285708095238094,
      -14.285708095238094
    ],
    [
      285.7141619047619,
      -14.285708095238094
    ],
    [
      285.7141619047619,
      24.99945476190476
    ],
    [
      324.99932476190475,
      24.99945476190476
    ]
  ]
]
