[
  [
    [
      137.5000857210667,
      137.5000857210667
    ],
    [
      25.00117012880001,
      25.00117012880001
    ],
    [
      137.5000857210667,
      25.00117012880001
    ]
  ],
  [
    [
      324.9999717048001,
      25.00117012880001
    ],
    [
      324.9999717048001,
      212.49851611760008
    ],
    [
      162.49871585493338,
      212.49851611760008
    ],
    [
      162.49871585493338,
      25.00117012880001
    ]
  ],
  [
    [
      404.9996521250668,
      255.00025133706674
    ],
    [
      255.00025133706674,
      404.9996521250668
    ],
    [
      105.0008505490667,
      255.00025133706674
    ]
  ]
]
