[
  [
    [
      137.50007518333334,
      137.50007518333334
    ],
    [
      24.999132456666665,
      24.999132456666665
    ],
    [
      137.50007518333334,
      24.999132456666665
    ]
  ],
  [
    [
      450.00134757083333,
      0
    ],
    [
      450.00134757083333,
      299.9992828233333
    ],
    [
      149.99964141166666,
      299.9992828233333
    ],
    [
      149.99964141166666,
      0
    ]
  ],
  [
    [
      162.49920764,
      212.49989588916665
    ],
    [
      325.00083861583335,
      212.49989588916665
    ],
    [
      325.00083861583335,
      24.999132456666665
    ],
    [
      162.49920764,
      24.999132456666665
    ]
  ]
]
