[
  [
    [
      300.00066285714286,
      200.0004419047619
    ],
    [
      285.7140161904762,
      195.2375257142857
    ],
    [
      285.7140161904762,
      285.7140161904762
    ],
    [
      195.2375257142857,
      285.7140161904762
    ],
    [
      200.0004419047619,
      300.00066285714286
    ],
    [
      100.00022095238096,
      300.00066285714286
    ],
    [
      104.76103523809523,
      285.7140161904762
    ],
    [
      -14.286646666666666,
      285.7140161904762
    ],
    [
      -14.286646666666666,
      -14.286646666666666
    ],
    [
      285.7140161904762,
      -14.286646666666666
    ],
    [
      285.7140161904762,
      104.76103523809523
    ],
    [
      300.00066285714286,
      100.00022095238096
    ]
  ]
]
