[
  [
    [
      150.00067887120002,
      150.00067887120002
    ],
    [
      0,
      200.00090516160003
    ],
    [
      0,
      100.00045258080002
    ]
  ],
  [
    [
      100.00045258080002,
      0
    ],
    [
      200.00090516160003,
      0
    ],
    [
      150.00067887120002,
      150.00067887120002
    ]
  ],
  [
    [
      300.00135774240005,
      100.00045258080002
    ],
    [
      300.00135774240005,
      200.00090516160003
    ],
    [
      150.00067887120002,
      150.00067887120002
    ]
  ],
  [
    [
      200.00090516160003,
      300.00135774240005
    ],
    [
      100.00045258080002,
      300.00135774240005
    ],
    [
      150.00067887120002,
      150.00067887120002
    ]
  ]
]
