[
  [
    [
      150.00034,
      150.00034
    ],
    [
      0,
      200.00045333333333
    ],
    [
      0,
      100.00022666666666
    ]
  ],
  [
    [
      100.00022666666666,
      0
    ],
    [
      200.00045333333333,
      0
    ],
    [
      150.00034,
      150.00034
    ]
  ],
  [
    [
      300.00068,
      100.00022666666666
    ],
    [
      300.00068,
      200.00045333333333
    ],
    [
      150.00034,
      150.00034
    ]
  ],
  [
    [
      185.00062,
      254.99917333333332
    ],
    [
      115.00005999999999,
      254.99917333333332
    ],
    [
      150.00034,
      150.00034
    ]
  ],
  [
    [
      150.00034,
      300.00068
    ],
    [
      100.00022666666666,
      300.00068
    ],
    [
      112.49975333333333,
      262.5000933333333
    ]
  ]
]
