[
  [
    [
      150.00121813040002,
      150.00121813040002
    ],
    [
      0,
      200.0016241738667
    ],
    [
      0,
      100.00081208693335
    ]
  ],
  [
    [
      100.00081208693335,
      0
    ],
    [
      200.0016241738667,
      0
    ],
    [
      150.00121813040002,
      150.00121813040002
    ]
  ],
  [
    [
      299.9997295858667,
      100.00081208693335
    ],
    [
      299.9997295858667,
      200.0016241738667
    ],
    [
      150.00121813040002,
      150.00121813040002
    ]
  ],
  [
    [
      185.00123169333338,
      255.00125881920005
    ],
    [
      405.00247694960007,
      255.00125881920005
    ],
    [
      255.00125881920005,
      405.00247694960007
    ],
    [
      150.00121813040002,
      299.9997295858667
    ],
    [
      199.99891749893337,
      299.9997295858667
    ],
    [
      184.99852501840004,
      254.9985521442667
    ],
    [
      115.00120456746669,
      254.9985521442667
    ],
    [
      150.00121813040002,
      150.00121813040002
    ]
  ],
  [
    [
      112.50023692906669,
      262.5014550594667
    ],
    [
      105.00004068880003,
      255.00125881920005
    ],
    [
      115.00120456746669,
      255.00125881920005
    ],
    [
      112.50023692906669,
      262.49874838453337
    ],
    [
      149.99851145546668,
      299.9997295858667
    ],
    [
      100.00081208693335,
      299.9997295858667
    ]
  ]
]
