[
  [
    [
      150.00034,
      150.00034
    ],
    [
      0,
      200.00045333333333
    ],
    [
      0,
      100.00022666666666
    ]
  ],
  [
    [
      100.00022666666666,
      0
    ],
    [
      200.00045333333333,
      0
    ],
    [
      150.00034,
      150.00034
    ]
  ],
  [
    [
      300.00068,
      100.00022666666666
    ],
    [
      300.00068,
      200.00045333333333
    ],
    [
      150.00034,
      150.00034
    ]
  ],
  [
    [
      200.00045333333333,
      300.00068
    ],
    [
      100.00022666666666,
      300.00068
    ],
    [
      150.00034,
      150.00034
    ]
  ]
]
