[
  [
    [
      329.99950285714283,
      0
    ],
    [
      329.99950285714283,
      214.28610666666665
    ],
    [
      115.71511714285714,
      214.28610666666665
    ],
    [
      115.71511714285714,
      0
    ]
  ],
  [
    [
      72.85651904761905,
      0
    ],
    [
      51.428940952380955,
      42.856877142857144
    ],
    [
      29.999641904761905,
      0
    ]
  ],
  [
    [
      64.28617619047618,
      85.71375428571429
    ],
    [
      42.856877142857144,
      107.14305333333333
    ],
    [
      34.28653428571429,
      85.71375428571429
    ]
  ],
  [
    [
      179.99957238095237,
      128.57063142857143
    ],
    [
      201.42887142857143,
      42.856877142857144
    ],
    [
      158.57199428571428,
      42.856877142857144
    ]
  ],
  [
    [
      265.7150476190476,
      42.856877142857144
    ],
    [
      244.28574857142857,
      85.71375428571429
    ],
    [
      287.1426257142857,
      42.856877142857144
    ]
  ],
  [
    [
      287.1426257142857,
      171.4292295238095
    ],
    [
      244.28574857142857,
      128.57063142857143
    ],
    [
      244.28574857142857,
      171.4292295238095
    ]
  ]
]
