[
  [
    [
      329.99966478274285,
      0
    ],
    [
      329.99966478274285,
      214.28621181351113
    ],
    [
      115.71517392245714,
      214.28621181351113
    ],
    [
      115.71517392245714,
      0
    ]
  ],
  [
    [
      72.85655479717461,
      0
    ],
    [
      51.42896618775873,
      42.85689817205714
    ],
    [
      29.99965662511746,
      0
    ]
  ],
  [
    [
      64.28620773469841,
      85.71379634411429
    ],
    [
      42.85689817205714,
      107.14310590675557
    ],
    [
      34.286551109580955,
      85.71379634411429
    ]
  ],
  [
    [
      179.99966070393018,
      128.57069451617144
    ],
    [
      201.42897026657144,
      42.85689817205714
    ],
    [
      158.57207209451428,
      42.85689817205714
    ]
  ],
  [
    [
      265.71517800126986,
      42.85689817205714
    ],
    [
      244.28586843862857,
      85.71379634411429
    ],
    [
      287.1427666106857,
      42.85689817205714
    ]
  ],
  [
    [
      287.1427666106857,
      171.42931364145397
    ],
    [
      244.28586843862857,
      128.57069451617144
    ],
    [
      244.28586843862857,
      171.42931364145397
    ]
  ]
]
