[
  [
    [
      237.49912000000003,
      62.499420000000015
    ],
    [
      62.499420000000015,
      62.499420000000015
    ],
    [
      120.00074000000002,
      120.00074000000002
    ],
    [
      59.99926666666668,
      120.00074000000002
    ],
    [
      59.99926666666668,
      419.99928000000006
    ],
    [
      180.0000066666667,
      419.99928000000006
    ],
    [
      180.0000066666667,
      180.0000066666667
    ],
    [
      187.5004666666667,
      187.5004666666667
    ]
  ],
  [
    [
      162.49893333333335,
      62.499420000000015
    ],
    [
      362.50016666666676,
      187.5004666666667
    ],
    [
      362.50016666666676,
      62.499420000000015
    ]
  ]
]
