[
  [
    [
      237.49894500000005,
      62.50065500000001
    ],
    [
      149.99980000000002,
      62.50065500000001
    ],
    [
      149.99980000000002,
      0
    ],
    [
      0,
      0
    ],
    [
      0,
      299.99960000000004
    ],
    [
      149.99980000000002,
      299.99960000000004
    ],
    [
      149.99980000000002,
      149.99980000000002
    ],
    [
      187.49975000000003,
      187.49975000000003
    ]
  ],
  [
    [
      362.50025500000004,
      187.49975000000003
    ],
    [
      362.50025500000004,
      62.50065500000001
    ],
    [
      162.49904500000002,
      62.50065500000001
    ]
  ]
]
