[
  [
    [
      237.49903333333333,
      62.49964
    ],
    [
      150.00034,
      62.49964
    ],
    [
      150.00034,
      0
    ],
    [
      449.9990133333333,
      0
    ],
    [
      449.9990133333333,
      300.00068
    ],
    [
      150.00034,
      300.00068
    ],
    [
      150.00034,
      150.00034
    ],
    [
      187.50092666666666,
      187.50092666666666
    ]
  ],
  [
    [
      362.50032,
      187.50092666666666
    ],
    [
      362.50032,
      62.49964
    ],
    [
      162.49986666666666,
      62.49964
    ]
  ]
]
