[
  [
    [
      150.0003926762667,
      150.0003926762667
    ],
    [
      -150.0003926762667,
      150.0003926762667
    ],
    [
      -150.0003926762667,
      -150.0003926762667
    ],
    [
      150.0003926762667,
      -150.0003926762667
    ],
    [
      150.0003926762667,
      62.499926948266676
    ],
    [
      62.499926948266676,
      62.499926948266676
    ]
  ],
  [
    [
      237.50085840426672,
      62.499926948266676
    ],
    [
      187.49978084480003,
      187.49978084480003
    ],
    [
      150.0003926762667,
      150.0003926762667
    ],
    [
      150.0003926762667,
      62.499926948266676
    ]
  ],
  [
    [
      162.4992420650667,
      62.499926948266676
    ],
    [
      362.50071230080005,
      62.499926948266676
    ],
    [
      362.50071230080005,
      187.49978084480003
    ]
  ]
]
