[
  [
    [
      237.50068000000005,
      62.49988000000001
    ],
    [
      150.00028000000003,
      62.49988000000001
    ],
    [
      150.00028000000003,
      -150.00028000000003
    ],
    [
      -150.00028000000003,
      -150.00028000000003
    ],
    [
      -150.00028000000003,
      150.00028000000003
    ],
    [
      150.00028000000003,
      150.00028000000003
    ],
    [
      187.49964000000003,
      187.49964000000003
    ]
  ],
  [
    [
      362.5004400000001,
      187.49964000000003
    ],
    [
      362.5004400000001,
      62.49988000000001
    ],
    [
      162.49912000000003,
      62.49988000000001
    ]
  ]
]
