[
  [
    [
      237.50132547078894,
      62.49941968530001
    ],
    [
      62.49941968530001,
      62.49941968530001
    ],
    [
      120.00073939576669,
      120.00073939576669
    ],
    [
      59.99926636455557,
      120.00073939576669
    ],
    [
      59.99926636455557,
      419.99927788520006
    ],
    [
      180.00000576032227,
      419.99927788520006
    ],
    [
      180.00000576032227,
      180.00000576032227
    ],
    [
      187.5004657225556,
      187.5004657225556
    ]
  ],
  [
    [
      162.5011391817667,
      62.49941968530001
    ],
    [
      362.50016484138894,
      187.5004657225556
    ],
    [
      362.50016484138894,
      62.49941968530001
    ]
  ],
  [
    [
      120.00073939576669,
      120.00073939576669
    ],
    [
      180.00000576032227,
      120.00073939576669
    ],
    [
      180.00000576032227,
      180.00000576032227
    ]
  ]
]
