[
  [
    [
      187.4996732856407,
      187.4996732856407
    ],
    [
      237.50007261800005,
      62.49989109521357
    ],
    [
      62.49989109521357,
      62.49989109521357
    ]
  ],
  [
    [
      162.50068975993224,
      62.49989109521357
    ],
    [
      362.4998548084272,
      187.4996732856407
    ],
    [
      362.4998548084272,
      62.49989109521357
    ]
  ],
  [
    [
      -27.68422168608814,
      -150.00119799707798
    ],
    [
      -27.68422168608814,
      150.00119799707798
    ],
    [
      0.35268073664406785,
      150.00119799707798
    ],
    [
      0.35268073664406785,
      -150.00119799707798
    ]
  ]
]
