[
  [
    [
      187.50062,
      187.50062
    ],
    [
      237.50047999999998,
      62.500969999999995
    ],
    [
      62.500969999999995,
      62.500969999999995
    ]
  ],
  [
    [
      162.50069,
      62.500969999999995
    ],
    [
      362.50013,
      187.50062
    ],
    [
      362.50013,
      62.500969999999995
    ]
  ],
  [
    [
      405.00023999999996,
      255.00065999999998
    ],
    [
      255.00065999999998,
      405.00023999999996
    ],
    [
      105.00108,
      255.00065999999998
    ]
  ]
]
