[
  [
    [
      300.0006800000001,
      0
    ],
    [
      150.00034000000005,
      300.0006800000001
    ],
    [
      0,
      0
    ]
  ],
  [
    [
      300.0006800000001,
      0
    ],
    [
      150.00034000000005,
      300.0006800000001
    ],
    [
      0,
      0
    ]
  ],
  [
    [
      150.00034000000005,
      250.00056666666677
    ],
    [
      250.00056666666677,
      50.00011333333335
    ],
    [
      50.00011333333335,
      50.00011333333335
    ]
  ],
  [
    [
      200.0004533333334,
      100.0002266666667
    ],
    [
      150.00034000000005,
      200.0004533333334
    ],
    [
      100.0002266666667,
      100.0002266666667
    ]
  ]
]
