[
  [
    [
      342.8573028571429,
      42.8577180952381
    ],
    [
      299.99958476190477,
      128.57093333333336
    ],
    [
      257.1418666666667,
      42.8577180952381
    ]
  ],
  [
    [
      128.57093333333336,
      42.8577180952381
    ],
    [
      102.2726361904762,
      95.45431238095239
    ],
    [
      275.0005447619048,
      225.00024380952382
    ],
    [
      74.99934095238096,
      374.99892571428575
    ],
    [
      74.99934095238096,
      107.14318476190478
    ],
    [
      42.8577180952381,
      42.8577180952381
    ]
  ],
  [
    [
      374.99892571428575,
      74.99934095238096
    ],
    [
      374.99892571428575,
      374.99892571428575
    ],
    [
      174.99994285714288,
      225.00024380952382
    ]
  ]
]
