[
  [
    [
      342.8578261746032,
      42.85750588949841
    ],
    [
      300.0003202851048,
      128.57029672711113
    ],
    [
      257.14281439560636,
      42.85750588949841
    ]
  ],
  [
    [
      128.57029672711113,
      42.85750588949841
    ],
    [
      102.2721297976635,
      95.45383974839366
    ],
    [
      74.99896960058413,
      74.99896960058413
    ],
    [
      74.99896960058413,
      107.14265425305398
    ],
    [
      42.85750588949841,
      42.85750588949841
    ]
  ],
  [
    [
      85.71501177899682,
      128.57029672711113
    ],
    [
      102.2721297976635,
      95.45383974839366
    ],
    [
      275.00140406537145,
      225.00135068452065
    ],
    [
      74.99896960058413,
      374.99928988568894
    ],
    [
      74.99896960058413,
      107.14265425305398
    ]
  ],
  [
    [
      374.99928988568894,
      74.99896960058413
    ],
    [
      374.99928988568894,
      374.99928988568894
    ],
    [
      174.99907636228573,
      225.00135068452065
    ]
  ]
]
