[
  [
    [
      150.00001000000003,
      300.00002000000006
    ],
    [
      74.99912666666668,
      150.00001000000003
    ],
    [
      100.00000666666669,
      150.00001000000003
    ],
    [
      150.00001000000003,
      250.0000166666667
    ],
    [
      250.0000166666667,
      50.000003333333346
    ],
    [
      150.00001000000003,
      50.000003333333346
    ],
    [
      150.00001000000003,
      0
    ],
    [
      300.00002000000006,
      0
    ]
  ],
  [
    [
      150.00001000000003,
      200.00001333333338
    ],
    [
      124.99913000000002,
      150.00001000000003
    ],
    [
      150.00001000000003,
      150.00001000000003
    ],
    [
      150.00001000000003,
      100.00000666666669
    ],
    [
      200.00001333333338,
      100.00000666666669
    ]
  ]
]
