[
  [
    [
      0,
      0
    ],
    [
      150.00137616960004,
      0
    ],
    [
      150.00137616960004,
      50.00045872320001
    ],
    [
      249.99978695040005,
      50.00045872320001
    ],
    [
      150.00137616960004,
      249.99978695040005
    ],
    [
      150.00137616960004,
      300.0002456736001
    ],
    [
      300.0002456736001,
      0
    ],
    [
      449.9991151776001,
      0
    ],
    [
      449.9991151776001,
      300.0002456736001
    ],
    [
      149.99886950400003,
      300.0002456736001
    ]
  ],
  [
    [
      149.99886950400003,
      249.99978695040005
    ],
    [
      149.99886950400003,
      199.99932822720004
    ],
    [
      100.00091744640002,
      100.00091744640002
    ],
    [
      149.99886950400003,
      100.00091744640002
    ],
    [
      149.99886950400003,
      50.00045872320001
    ],
    [
      50.00045872320001,
      50.00045872320001
    ]
  ],
  [
    [
      199.99932822720004,
      100.00091744640002
    ],
    [
      150.00137616960004,
      100.00091744640002
    ],
    [
      150.00137616960004,
      199.99932822720004
    ]
  ]
]
