[
  [
    [
      128.57236698849522,
      42.858243599580945
    ],
    [
      85.71412338891427,
      128.57236698849522
    ],
    [
      42.858243599580945,
      42.858243599580945
    ]
  ],
  [
    [
      450.00092064948564,
      0
    ],
    [
      450.00092064948564,
      300.00061376632374
    ],
    [
      150.00030688316187,
      300.00061376632374
    ],
    [
      150.00030688316187,
      0
    ]
  ],
  [
    [
      257.1423701667428,
      42.858243599580945
    ],
    [
      300.00061376632374,
      128.57236698849522
    ],
    [
      342.8564935556571,
      42.858243599580945
    ]
  ]
]
