[
  [
    [
      300.0006133333335,
      0
    ],
    [
      180.00000666666676,
      239.9994066666668
    ],
    [
      180.00000666666676,
      189.99990666666676
    ],
    [
      249.9993066666668,
      49.999500000000026
    ],
    [
      49.999500000000026,
      49.999500000000026
    ],
    [
      85.00005333333337,
      120.00060666666673
    ],
    [
      59.99940000000003,
      120.00060666666673
    ],
    [
      0,
      0
    ]
  ],
  [
    [
      199.99980666666676,
      100.00080666666672
    ],
    [
      180.00000666666676,
      140.00040666666675
    ],
    [
      180.00000666666676,
      120.00060666666673
    ],
    [
      110.00070666666672,
      120.00060666666673
    ],
    [
      100.00080666666672,
      100.00080666666672
    ]
  ]
]
