[
  [
    [
      300.00062779890004,
      0
    ],
    [
      287.50034039066674,
      25.00057481646667
    ],
    [
      162.49955630790004,
      25.00057481646667
    ],
    [
      162.49955630790004,
      50.00114963293334
    ],
    [
      249.9994781659667,
      50.00114963293334
    ],
    [
      168.74865501223337,
      212.50070594083337
    ],
    [
      193.74922982870004,
      212.50070594083337
    ],
    [
      149.9992688996667,
      300.00062779890004
    ],
    [
      0,
      0
    ]
  ],
  [
    [
      149.9992688996667,
      249.9994781659667
    ],
    [
      168.75074501180003,
      212.50070594083337
    ],
    [
      162.49955630790004,
      212.50070594083337
    ],
    [
      162.49955630790004,
      174.99984371613337
    ],
    [
      200.00041853260004,
      100.00020926630002
    ],
    [
      162.49955630790004,
      100.00020926630002
    ],
    [
      162.49955630790004,
      49.99905963336668
    ],
    [
      137.49898149143337,
      49.99905963336668
    ],
    [
      137.49898149143337,
      25.00057481646667
    ],
    [
      25.00057481646667,
      25.00057481646667
    ],
    [
      49.99905963336668,
      49.99905963336668
    ]
  ],
  [
    [
      100.00020926630002,
      100.00020926630002
    ],
    [
      137.49898149143337,
      137.49898149143337
    ],
    [
      137.49898149143337,
      100.00020926630002
    ],
    [
      162.49955630790004,
      100.00020926630002
    ],
    [
      162.49955630790004,
      174.99984371613337
    ],
    [
      149.9992688996667,
      200.00041853260004
    ]
  ],
  [
    [
      287.50034039066674,
      25.00057481646667
    ],
    [
      324.9991126158001,
      25.00057481646667
    ],
    [
      324.9991126158001,
      212.50070594083337
    ],
    [
      193.74922982870004,
      212.50070594083337
    ]
  ],
  [
    [
      100.00020926630002,
      100.00020926630002
    ],
    [
      50.00114963293334,
      50.00114963293334
    ],
    [
      137.49898149143337,
      50.00114963293334
    ],
    [
      137.49898149143337,
      100.00020926630002
    ]
  ]
]
