[
  [
    [
      300.0004400000001,
      0
    ],
    [
      278.5718371428572,
      42.85720571428572
    ],
    [
      342.85764571428575,
      42.85720571428572
    ],
    [
      300.0004400000001,
      128.57161714285718
    ],
    [
      267.856460952381,
      64.28580857142859
    ],
    [
      150.00022000000004,
      300.0004400000001
    ],
    [
      0,
      0
    ]
  ],
  [
    [
      250.0003666666667,
      50.00007333333334
    ],
    [
      124.9991085714286,
      50.00007333333334
    ],
    [
      87.50066571428573,
      124.9991085714286
    ],
    [
      150.00022000000004,
      250.0003666666667
    ]
  ],
  [
    [
      200.00029333333336,
      100.00014666666668
    ],
    [
      150.00022000000004,
      200.00029333333336
    ],
    [
      100.00014666666668,
      100.00014666666668
    ]
  ]
]
