[
  [
    [
      300.0006800000001,
      0
    ],
    [
      224.99950666666675,
      150.00034000000005
    ],
    [
      224.99950666666675,
      300.0006800000001
    ],
    [
      74.9991666666667,
      300.0006800000001
    ],
    [
      74.9991666666667,
      150.00034000000005
    ],
    [
      0,
      0
    ]
  ],
  [
    [
      74.9991666666667,
      100.0002266666667
    ],
    [
      74.9991666666667,
      50.00011333333335
    ],
    [
      50.00011333333335,
      50.00011333333335
    ]
  ],
  [
    [
      250.00056666666677,
      50.00011333333335
    ],
    [
      224.99950666666675,
      50.00011333333335
    ],
    [
      224.99950666666675,
      100.0002266666667
    ]
  ]
]
