[
  [
    [
      300.0006800000001,
      0
    ],
    [
      287.4991466666668,
      24.999053333333343
    ],
    [
      162.49986666666672,
      24.999053333333343
    ],
    [
      162.49986666666672,
      50.00011333333335
    ],
    [
      137.50081333333338,
      50.00011333333335
    ],
    [
      137.50081333333338,
      24.999053333333343
    ],
    [
      24.999053333333343,
      24.999053333333343
    ],
    [
      50.00011333333335,
      50.00011333333335
    ],
    [
      150.00034000000005,
      250.00056666666677
    ],
    [
      168.7506333333334,
      212.49998000000008
    ],
    [
      193.74968666666675,
      212.49998000000008
    ],
    [
      150.00034000000005,
      300.0006800000001
    ],
    [
      0,
      0
    ]
  ],
  [
    [
      100.0002266666667,
      100.0002266666667
    ],
    [
      137.50081333333338,
      137.50081333333338
    ],
    [
      137.50081333333338,
      100.0002266666667
    ],
    [
      162.49986666666672,
      100.0002266666667
    ],
    [
      162.49986666666672,
      174.99939333333342
    ],
    [
      150.00034000000005,
      200.0004533333334
    ]
  ]
]
