[
  [
    [
      180.00005333333343,
      119.99970000000006
    ],
    [
      180.00005333333343,
      140.0001533333334
    ],
    [
      150.0003800000001,
      199.9995000000001
    ],
    [
      110.00048000000005,
      119.99970000000006
    ]
  ],
  [
    [
      84.99991333333338,
      119.99970000000006
    ],
    [
      150.0003800000001,
      249.9996266666668
    ],
    [
      180.00005333333343,
      190.0002800000001
    ],
    [
      180.00005333333343,
      240.0004066666668
    ],
    [
      150.0003800000001,
      299.9997533333335
    ],
    [
      60.000353333333365,
      119.99970000000006
    ]
  ]
]
