[
  [
    [
      0,
      0
    ],
    [
      75.00134277120003,
      0
    ],
    [
      75.00134277120003,
      50.00022629040002
    ],
    [
      225.00001497120007,
      50.00022629040002
    ],
    [
      225.00001497120007,
      100.00045258080004
    ],
    [
      150.00067887120005,
      249.9991247808001
    ],
    [
      75.00134277120003,
      100.00045258080004
    ],
    [
      75.00134277120003,
      150.00067887120005
    ],
    [
      150.00067887120005,
      299.9993510712001
    ],
    [
      225.00001497120007,
      150.00067887120005
    ],
    [
      225.00001497120007,
      300.0013577424001
    ],
    [
      74.99933610000002,
      300.0013577424001
    ],
    [
      74.99933610000002,
      150.00067887120005
    ]
  ],
  [
    [
      74.99933610000002,
      100.00045258080004
    ],
    [
      74.99933610000002,
      50.00022629040002
    ],
    [
      50.00022629040002,
      50.00022629040002
    ]
  ],
  [
    [
      250.0011314520001,
      50.00022629040002
    ],
    [
      225.00001497120007,
      50.00022629040002
    ],
    [
      225.00001497120007,
      0
    ],
    [
      300.0013577424001,
      0
    ],
    [
      225.00001497120007,
      150.00067887120005
    ],
    [
      225.00001497120007,
      100.00045258080004
    ]
  ],
  [
    [
      100.00045258080004,
      100.00045258080004
    ],
    [
      150.00067887120005,
      199.99889849040008
    ],
    [
      199.99889849040008,
      100.00045258080004
    ]
  ]
]
