[
  [
    [
      342.8578728571429,
      42.85745904761906
    ],
    [
      300.0004138095239,
      128.57057761904764
    ],
    [
      257.14295476190483,
      42.85745904761906
    ]
  ],
  [
    [
      85.71491809523812,
      128.57057761904764
    ],
    [
      57.32203142857144,
      71.78660380952383
    ],
    [
      -15.00083047619048,
      -15.00083047619048
    ],
    [
      284.9995833333334,
      -15.00083047619048
    ],
    [
      135.00027619047623,
      165.00013761904765
    ],
    [
      92.81224000000002,
      114.3741342857143
    ]
  ]
]
