[
  [
    [
      300.0008786360001,
      128.5718051297143
    ],
    [
      267.8568525900953,
      64.28590256485715
    ],
    [
      278.57224444771435,
      42.85726837657144
    ],
    [
      342.8581470125715,
      42.85726837657144
    ]
  ],
  [
    [
      257.1436102594286,
      42.85726837657144
    ],
    [
      267.8568525900953,
      64.28590256485715
    ],
    [
      150.00043931800005,
      300.0008786360001
    ],
    [
      0,
      0
    ],
    [
      300.0008786360001,
      0
    ],
    [
      278.57224444771435,
      42.85726837657144
    ]
  ],
  [
    [
      87.50079365057145,
      124.99929133485718
    ],
    [
      50.00014643933334,
      50.00014643933334
    ],
    [
      124.99929133485718,
      50.00014643933334
    ]
  ],
  [
    [
      128.5718051297143,
      42.85726837657144
    ],
    [
      42.85726837657144,
      42.85726837657144
    ],
    [
      85.71453675314288,
      128.5718051297143
    ],
    [
      87.50079365057145,
      124.99929133485718
    ],
    [
      150.00043931800005,
      250.00073219666672
    ],
    [
      250.00073219666672,
      50.00014643933334
    ],
    [
      124.99929133485718,
      50.00014643933334
    ]
  ],
  [
    [
      200.00058575733337,
      100.00029287866668
    ],
    [
      150.00043931800005,
      200.00058575733337
    ],
    [
      100.00029287866668,
      100.00029287866668
    ]
  ]
]
