[
  [
    [
      342.8576971428572,
      42.85812000000001
    ],
    [
      299.99957714285716,
      128.57193904761905
    ],
    [
      257.1438780952381,
      42.85812000000001
    ]
  ],
  [
    [
      128.57193904761905,
      42.85812000000001
    ],
    [
      85.71381904761905,
      128.57193904761905
    ],
    [
      42.85812000000001,
      42.85812000000001
    ]
  ],
  [
    [
      405.00112380952385,
      254.9989142857143
    ],
    [
      254.9989142857143,
      405.00112380952385
    ],
    [
      104.99912571428573,
      254.9989142857143
    ]
  ]
]
