[
  [
    [
      74.99968666666669,
      150.00038000000004
    ],
    [
      0,
      0
    ],
    [
      150.00038000000004,
      0
    ],
    [
      150.00038000000004,
      50.00012666666668
    ],
    [
      50.00012666666668,
      50.00012666666668
    ],
    [
      100.00025333333336,
      150.00038000000004
    ]
  ],
  [
    [
      124.99981333333338,
      150.00038000000004
    ],
    [
      100.00025333333336,
      100.00025333333336
    ],
    [
      150.00038000000004,
      100.00025333333336
    ],
    [
      150.00038000000004,
      150.00038000000004
    ]
  ]
]
