[
  [
    [
      342.8567951681464,
      42.85653894538606
    ],
    [
      300.0002562227603,
      128.57185863868713
    ],
    [
      257.14371727737426,
      42.85653894538606
    ]
  ],
  [
    [
      128.57185863868713,
      42.85653894538606
    ],
    [
      85.71531969330105,
      128.57185863868713
    ],
    [
      42.85653894538606,
      42.85653894538606
    ]
  ],
  [
    [
      -27.684019429647567,
      -149.9990072101157
    ],
    [
      -27.684019429647567,
      149.9990072101157
    ],
    [
      0.35420479956954537,
      149.9990072101157
    ],
    [
      0.35420479956954537,
      -149.9990072101157
    ]
  ]
]
