[
  [
    [
      285.71335989047634,
      -14.286718952222229
    ],
    [
      285.71335989047634,
      0
    ],
    [
      0,
      0
    ],
    [
      142.85667994523817,
      285.71335989047634
    ],
    [
      -14.286718952222229,
      285.71335989047634
    ],
    [
      -14.286718952222229,
      -14.286718952222229
    ]
  ],
  [
    [
      285.71335989047634,
      285.71335989047634
    ],
    [
      157.1433988974604,
      285.71335989047634
    ],
    [
      285.71335989047634,
      28.573437904444457
    ]
  ],
  [
    [
      49.99826154428574,
      49.99826154428574
    ],
    [
      249.999715383016,
      49.99826154428574
    ],
    [
      149.99898846365087,
      249.999715383016
    ]
  ],
  [
    [
      100.00072691936512,
      100.00072691936512
    ],
    [
      149.99898846365087,
      200.00145383873024
    ],
    [
      200.00145383873024,
      100.00072691936512
    ]
  ],
  [
    [
      285.71546180587313,
      0
    ],
    [
      300.00007884269854,
      0
    ],
    [
      285.71546180587313,
      28.569234073650808
    ]
  ],
  [
    [
      157.14129698206358,
      285.71546180587313
    ],
    [
      150.0010903790477,
      300.00007884269854
    ],
    [
      142.858781860635,
      285.71546180587313
    ]
  ]
]
