[
  [
    [
      299.9988133333333,
      0
    ],
    [
      172.50128,
      255.00048
    ],
    [
      405.00124,
      255.00048
    ],
    [
      255.00048,
      405.00124
    ],
    [
      104.99972,
      255.00048
    ],
    [
      127.50024,
      255.00048
    ],
    [
      0,
      0
    ]
  ],
  [
    [
      150.00076,
      250.00126666666668
    ],
    [
      250.00126666666668,
      50.00025333333333
    ],
    [
      50.00025333333333,
      50.00025333333333
    ]
  ],
  [
    [
      200.00101333333333,
      100.00050666666667
    ],
    [
      150.00076,
      200.00101333333333
    ],
    [
      100.00050666666667,
      100.00050666666667
    ]
  ]
]
