[
  [
    [
      342.8570352380952,
      42.856644761904754
    ],
    [
      300.00039047619043,
      128.57122666666666
    ],
    [
      257.1424533333333,
      42.856644761904754
    ]
  ],
  [
    [
      128.57122666666666,
      42.856644761904754
    ],
    [
      102.27256666666665,
      95.45396476190474
    ],
    [
      74.99945142857142,
      74.99945142857142
    ],
    [
      74.99945142857142,
      107.14225809523808
    ],
    [
      42.856644761904754,
      42.856644761904754
    ]
  ]
]
