[
  [
    [
      150.000597787194,
      299.9991900847458
    ],
    [
      0.3529661770244822,
      0.7059323540489644
    ],
    [
      0.3529661770244822,
      0
    ],
    [
      299.9991900847458,
      0
    ]
  ],
  [
    [
      150.000597787194,
      250.0003278154426
    ],
    [
      250.0003278154426,
      50.0008677589454
    ],
    [
      50.0008677589454,
      50.0008677589454
    ]
  ],
  [
    [
      199.9994600564972,
      99.9997300282486
    ],
    [
      150.000597787194,
      199.9994600564972
    ],
    [
      99.9997300282486,
      99.9997300282486
    ]
  ]
]
