[
  [
    [
      224.99957333333344,
      0
    ],
    [
      299.9999333333335,
      0
    ],
    [
      224.99957333333344,
      150.0007200000001
    ],
    [
      224.99957333333344,
      100.00048000000005
    ],
    [
      249.99969333333345,
      50.000240000000026
    ],
    [
      224.99957333333344,
      50.000240000000026
    ]
  ],
  [
    [
      75.00036000000004,
      150.0007200000001
    ],
    [
      0,
      0
    ],
    [
      75.00036000000004,
      0
    ],
    [
      75.00036000000004,
      50.000240000000026
    ],
    [
      50.000240000000026,
      50.000240000000026
    ],
    [
      75.00036000000004,
      100.00048000000005
    ]
  ]
]
