[
  [
    [
      149.99958666666672,
      120.00049333333338
    ],
    [
      185.55518666666674,
      128.8887066666667
    ],
    [
      161.42846666666674,
      177.14352000000005
    ],
    [
      149.99958666666672,
      180.0000533333334
    ]
  ],
  [
    [
      230.0003733333334,
      140.00034666666673
    ],
    [
      218.57149333333342,
      162.85673333333338
    ],
    [
      190.00066666666675,
      169.99944000000005
    ],
    [
      207.7770933333334,
      134.44384000000005
    ]
  ]
]
