[
  [
    [
      199.99996235294128,
      99.99998117647064
    ],
    [
      150.00058980392166,
      199.99996235294128
    ],
    [
      99.99998117647064,
      99.99998117647064
    ]
  ],
  [
    [
      229.41121254901972,
      141.176225882353
    ],
    [
      180.00021333333342,
      239.999460392157
    ],
    [
      155.00052705882362,
      239.999460392157
    ],
    [
      214.70558745098052,
      120.58810352941182
    ]
  ],
  [
    [
      164.2859482352942,
      50.00060862745101
    ],
    [
      135.71399529411772,
      50.00060862745101
    ],
    [
      150.00058980392166,
      29.99962352941178
    ]
  ],
  [
    [
      85.29435607843142,
      120.58810352941182
    ],
    [
      144.99941647058833,
      239.999460392157
    ],
    [
      119.9997301960785,
      239.999460392157
    ],
    [
      70.5887309803922,
      141.176225882353
    ]
  ]
]
