[
  [
    [
      149.99922250000003,
      300.00043916666675
    ],
    [
      3.749033333333334,
      7.500060833333335
    ],
    [
      66.25020500000001,
      82.50066916666668
    ],
    [
      149.99922250000003,
      250.0006983333334
    ],
    [
      250.0006983333334,
      49.99974083333334
    ],
    [
      230.83276833333338,
      49.99974083333334
    ],
    [
      272.5008808333334,
      0
    ],
    [
      300.00043916666675,
      0
    ]
  ],
  [
    [
      149.99922250000003,
      200.00095750000006
    ],
    [
      128.74938250000002,
      157.49928333333338
    ],
    [
      134.99910083333336,
      164.9993441666667
    ],
    [
      189.16665000000003,
      99.99948166666668
    ],
    [
      200.00095750000006,
      99.99948166666668
    ]
  ]
]
