[
  [
    [
      300.00069,
      0
    ],
    [
      287.5004,
      25.000580000000003
    ],
    [
      324.99918,
      25.000580000000003
    ],
    [
      324.99918,
      212.50075000000004
    ],
    [
      193.74927000000002,
      212.50075000000004
    ],
    [
      149.99930000000003,
      300.00069
    ],
    [
      0,
      0
    ]
  ],
  [
    [
      149.99930000000003,
      249.99953000000002
    ],
    [
      168.75078000000002,
      212.50075000000004
    ],
    [
      162.49959,
      212.50075000000004
    ],
    [
      162.49959,
      174.99988000000002
    ],
    [
      149.99930000000003,
      200.00046000000003
    ],
    [
      100.00023000000002,
      100.00023000000002
    ],
    [
      49.99907,
      49.99907
    ]
  ],
  [
    [
      137.49901000000003,
      49.99907
    ],
    [
      137.49901000000003,
      100.00023000000002
    ],
    [
      162.49959,
      100.00023000000002
    ],
    [
      162.49959,
      49.99907
    ]
  ]
]
