[
  [
    [
      342.85783456080003,
      42.856476818400004
    ],
    [
      300.00135774240005,
      128.5714371264
    ],
    [
      300.00135774240005,
      300.00135774240005
    ],
    [
      150.00067887120002,
      300.00135774240005
    ],
    [
      150.00067887120002,
      0
    ],
    [
      300.00135774240005,
      0
    ],
    [
      300.00135774240005,
      42.856476818400004
    ]
  ],
  [
    [
      128.5714371264,
      42.856476818400004
    ],
    [
      85.71496030800002,
      128.5714371264
    ],
    [
      42.856476818400004,
      42.856476818400004
    ]
  ],
  [
    [
      299.99935107120007,
      128.5714371264
    ],
    [
      299.99935107120007,
      42.856476818400004
    ],
    [
      257.1428742528,
      42.856476818400004
    ]
  ]
]
