[
  [
    [
      150.0009866666667,
      299.9998666666668
    ],
    [
      3.7498666666666676,
      7.499733333333335
    ],
    [
      -14.99946666666667,
      -14.99946666666667
    ],
    [
      285.00040000000007,
      -14.99946666666667
    ],
    [
      272.4994400000001,
      0
    ],
    [
      299.9998666666668,
      0
    ]
  ],
  [
    [
      250.00024000000008,
      49.99962666666668
    ],
    [
      230.83378666666673,
      49.99962666666668
    ],
    [
      189.1660266666667,
      99.99925333333336
    ],
    [
      200.0006133333334,
      99.99925333333336
    ],
    [
      150.0009866666667,
      200.0006133333334
    ],
    [
      128.75104000000005,
      157.50072000000006
    ],
    [
      66.25045333333335,
      82.49917333333336
    ],
    [
      150.0009866666667,
      250.00024000000008
    ]
  ]
]
