[
  [
    [
      342.8581470125715,
      42.85726837657144
    ],
    [
      300.0008786360001,
      128.5718051297143
    ],
    [
      257.1436102594286,
      42.85726837657144
    ]
  ],
  [
    [
      150.00043931800005,
      0
    ],
    [
      150.00043931800005,
      300.0008786360001
    ],
    [
      0,
      300.0008786360001
    ],
    [
      0,
      0
    ]
  ],
  [
    [
      42.85726837657144,
      42.85726837657144
    ],
    [
      85.71453675314288,
      128.5718051297143
    ],
    [
      128.5718051297143,
      42.85726837657144
    ]
  ]
]
