[
  [
    [
      342.8562161904762,
      42.85617809523809
    ],
    [
      300.0000380952381,
      128.5707980952381
    ],
    [
      257.14386,
      42.85617809523809
    ]
  ],
  [
    [
      128.5707980952381,
      42.85617809523809
    ],
    [
      90.00001142857143,
      120.00001523809524
    ],
    [
      180.00002285714285,
      120.00001523809524
    ],
    [
      180.00002285714285,
      420.0000533333333
    ],
    [
      60.00000761904762,
      420.0000533333333
    ],
    [
      60.00000761904762,
      120.00001523809524
    ],
    [
      81.42922857142857,
      120.00001523809524
    ],
    [
      42.85617809523809,
      42.85617809523809
    ]
  ]
]
