[
  [
    [
      300.00135774240005,
      300.00135774240005
    ],
    [
      0,
      300.00135774240005
    ],
    [
      0,
      0
    ],
    [
      150.00067887120002,
      300.00135774240005
    ],
    [
      300.00135774240005,
      0
    ]
  ],
  [
    [
      50.00022629040001,
      50.00022629040001
    ],
    [
      250.00113145200004,
      50.00022629040001
    ],
    [
      150.00067887120002,
      250.00113145200004
    ]
  ],
  [
    [
      100.00045258080002,
      100.00045258080002
    ],
    [
      150.00067887120002,
      200.00090516160003
    ],
    [
      200.00090516160003,
      100.00045258080002
    ]
  ]
]
