[
  [
    [
      300.0002000000002,
      0
    ],
    [
      172.49918666666676,
      255.00017000000014
    ],
    [
      127.49915666666674,
      255.00017000000014
    ],
    [
      0,
      0
    ]
  ],
  [
    [
      150.0001000000001,
      250.00016666666681
    ],
    [
      250.00016666666681,
      50.00003333333336
    ],
    [
      50.00003333333336,
      50.00003333333336
    ]
  ],
  [
    [
      200.00013333333345,
      100.00006666666673
    ],
    [
      150.0001000000001,
      200.00013333333345
    ],
    [
      100.00006666666673,
      100.00006666666673
    ]
  ]
]
