[
  [
    [
      278.57118476190493,
      42.85752000000002
    ],
    [
      267.8570742857144,
      64.28574095238099
    ],
    [
      257.14296380952396,
      42.85752000000002
    ]
  ],
  [
    [
      128.57148190476198,
      42.85752000000002
    ],
    [
      124.99975238095244,
      49.999900952380976
    ],
    [
      49.999900952380976,
      49.999900952380976
    ],
    [
      87.50036571428576,
      124.99975238095244
    ],
    [
      85.71396190476194,
      128.57148190476198
    ],
    [
      42.85752000000002,
      42.85752000000002
    ]
  ]
]
