[
  [
    [
      342.8567493941556,
      42.85624474437778
    ],
    [
      300.0005046497778,
      128.57099804617778
    ],
    [
      257.1442599054,
      42.85624474437778
    ]
  ],
  [
    [
      128.57099804617778,
      42.85624474437778
    ],
    [
      90.00015139493334,
      120.00020185991112
    ],
    [
      81.42935520866668,
      120.00020185991112
    ],
    [
      42.85624474437778,
      42.85624474437778
    ]
  ],
  [
    [
      180.00030278986668,
      420.00070650968894
    ],
    [
      60.00010092995556,
      420.00070650968894
    ],
    [
      60.00010092995556,
      120.00020185991112
    ],
    [
      81.42935520866668,
      120.00020185991112
    ],
    [
      85.7147533018,
      128.57099804617778
    ],
    [
      90.00015139493334,
      120.00020185991112
    ],
    [
      180.00030278986668,
      120.00020185991112
    ]
  ]
]
