[
  [
    [
      342.8578356167239,
      42.85813730960001
    ],
    [
      299.9996983071239,
      128.5719909754413
    ],
    [
      257.1439819508826,
      42.85813730960001
    ]
  ],
  [
    [
      128.5719909754413,
      42.85813730960001
    ],
    [
      85.71385366584128,
      128.5719909754413
    ],
    [
      42.85813730960001,
      42.85813730960001
    ]
  ],
  [
    [
      405.0012873819683,
      254.9990172750477
    ],
    [
      254.9990172750477,
      405.0012873819683
    ],
    [
      104.99916812148574,
      254.9990172750477
    ]
  ]
]
