[
  [
    [
      74.99980000000004,
      300.00054000000017
    ],
    [
      74.99980000000004,
      149.99960000000007
    ],
    [
      149.99960000000007,
      300.00054000000017
    ],
    [
      224.99940000000012,
      149.99960000000007
    ],
    [
      224.99940000000012,
      300.00054000000017
    ]
  ],
  [
    [
      100.00018000000006,
      100.00018000000006
    ],
    [
      149.99960000000007,
      200.00036000000011
    ],
    [
      200.00036000000011,
      100.00018000000006
    ]
  ],
  [
    [
      74.99980000000004,
      100.00018000000006
    ],
    [
      74.99980000000004,
      49.99942000000003
    ],
    [
      224.99940000000012,
      49.99942000000003
    ],
    [
      224.99940000000012,
      100.00018000000006
    ],
    [
      149.99960000000007,
      249.99978000000013
    ]
  ]
]
