[
  [
    [
      225.00001497120005,
      0
    ],
    [
      225.00001497120005,
      24.999109809600004
    ],
    [
      162.50023377600002,
      24.999109809600004
    ],
    [
      162.50023377600002,
      212.50046006640002
    ],
    [
      225.00001497120005,
      212.50046006640002
    ],
    [
      225.00001497120005,
      300.00135774240005
    ],
    [
      74.99933610000001,
      300.00135774240005
    ],
    [
      74.99933610000001,
      74.99933610000001
    ],
    [
      137.49911729520002,
      137.49911729520002
    ],
    [
      137.49911729520002,
      24.999109809600004
    ],
    [
      74.99933610000001,
      24.999109809600004
    ],
    [
      74.99933610000001,
      0
    ]
  ],
  [
    [
      225.00001497120005,
      24.999109809600004
    ],
    [
      325.00046755200003,
      24.999109809600004
    ],
    [
      325.00046755200003,
      212.50046006640002
    ],
    [
      225.00001497120005,
      212.50046006640002
    ]
  ],
  [
    [
      74.99933610000001,
      74.99933610000001
    ],
    [
      24.999109809600004,
      24.999109809600004
    ],
    [
      74.99933610000001,
      24.999109809600004
    ]
  ]
]
