[
  [
    [
      449.9991151776001,
      300.0002456736001
    ],
    [
      0,
      300.0002456736001
    ],
    [
      0,
      0
    ],
    [
      150.00137616960004,
      0
    ],
    [
      150.00137616960004,
      119.99909560320003
    ],
    [
      270.00047177280004,
      150.00137616960004
    ],
    [
      150.00137616960004,
      180.00115007040003
    ],
    [
      150.00137616960004,
      300.0002456736001
    ],
    [
      300.0002456736001,
      300.0002456736001
    ],
    [
      270.00047177280004,
      150.00137616960004
    ],
    [
      300.0002456736001,
      0
    ],
    [
      449.9991151776001,
      0
    ]
  ]
]
