[
  [
    [
      225.00202011746674,
      0
    ],
    [
      225.00202011746674,
      255.0004879042334
    ],
    [
      405.0001968653668,
      255.0004879042334
    ],
    [
      255.0004879042334,
      405.0001968653668
    ],
    [
      149.99970896113336,
      300.0018745980334
    ],
    [
      74.99985448056668,
      300.0018745980334
    ],
    [
      74.99985448056668,
      0
    ]
  ],
  [
    [
      105.00077894310003,
      255.0004879042334
    ],
    [
      149.99970896113336,
      299.99941792226673
    ],
    [
      224.99956344170008,
      299.99941792226673
    ],
    [
      224.99956344170008,
      255.0004879042334
    ]
  ]
]
