[
  [
    [
      449.9994477176889,
      0
    ],
    [
      449.9994477176889,
      299.99872958982223
    ],
    [
      179.9986964207111,
      299.99872958982223
    ],
    [
      179.9986964207111,
      120.0000331691111
    ],
    [
      150.00071812786666,
      120.0000331691111
    ],
    [
      150.00071812786666,
      0
    ]
  ],
  [
    [
      59.9986632516,
      419.9987627589333
    ],
    [
      59.9986632516,
      120.0000331691111
    ],
    [
      150.00071812786666,
      120.0000331691111
    ],
    [
      150.00071812786666,
      299.99872958982223
    ],
    [
      179.9986964207111,
      299.99872958982223
    ],
    [
      179.9986964207111,
      419.9987627589333
    ]
  ]
]
