[
  [
    [
      225.00111509255171,
      0
    ],
    [
      225.00111509255171,
      300.00070380710974
    ],
    [
      74.99958871455803,
      300.00070380710974
    ],
    [
      74.99958871455803,
      0
    ]
  ],
  [
    [
      -27.684711472009173,
      -149.99917742911606
    ],
    [
      -27.684711472009173,
      149.99917742911606
    ],
    [
      0.35234233164783435,
      149.99917742911606
    ],
    [
      0.35234233164783435,
      -149.99917742911606
    ]
  ]
]
