[
  [
    [
      300.00135774240005,
      0
    ],
    [
      300.00135774240005,
      24.999109809600004
    ],
    [
      325.00046755200003,
      24.999109809600004
    ],
    [
      325.00046755200003,
      212.50046006640002
    ],
    [
      300.00135774240005,
      212.50046006640002
    ],
    [
      300.00135774240005,
      300.00135774240005
    ],
    [
      150.00067887120002,
      300.00135774240005
    ],
    [
      150.00067887120002,
      0
    ]
  ],
  [
    [
      137.50112396640003,
      137.50112396640003
    ],
    [
      24.999109809600004,
      24.999109809600004
    ],
    [
      137.50112396640003,
      24.999109809600004
    ]
  ],
  [
    [
      162.50023377600002,
      212.50046006640002
    ],
    [
      299.99935107120007,
      212.50046006640002
    ],
    [
      299.99935107120007,
      25.001116480800004
    ],
    [
      162.50023377600002,
      25.001116480800004
    ]
  ]
]
