[
  [
    [
      74.99991714285714,
      299.9996685714286
    ],
    [
      74.99991714285714,
      285.7141657142857
    ],
    [
      -14.285502857142857,
      285.7141657142857
    ],
    [
      -14.285502857142857,
      -14.285502857142857
    ],
    [
      285.7141657142857,
      -14.285502857142857
    ],
    [
      285.7141657142857,
      285.7141657142857
    ],
    [
      224.99975142857141,
      285.7141657142857
    ],
    [
      224.99975142857141,
      299.9996685714286
    ]
  ]
]
