[
  [
    [
      300.00135774240005,
      300.00135774240005
    ],
    [
      150.00067887120002,
      300.00135774240005
    ],
    [
      0,
      0
    ],
    [
      150.00067887120002,
      0
    ],
    [
      150.00067887120002,
      50.00022629040001
    ],
    [
      50.00022629040001,
      50.00022629040001
    ],
    [
      150.00067887120002,
      250.00113145200004
    ],
    [
      150.00067887120002,
      200.00090516160003
    ],
    [
      100.00045258080002,
      100.00045258080002
    ],
    [
      150.00067887120002,
      100.00045258080002
    ],
    [
      150.00067887120002,
      199.99889849040002
    ],
    [
      199.99889849040002,
      100.00045258080002
    ],
    [
      150.00067887120002,
      100.00045258080002
    ],
    [
      150.00067887120002,
      50.00022629040001
    ],
    [
      249.99912478080003,
      50.00022629040001
    ],
    [
      150.00067887120002,
      249.99912478080003
    ],
    [
      150.00067887120002,
      299.99935107120007
    ],
    [
      299.99935107120007,
      0
    ],
    [
      300.00135774240005,
      0
    ]
  ]
]
