[
  [
    [
      299.99923375555557,
      299.99923375555557
    ],
    [
      150.0006702088889,
      299.99923375555557
    ],
    [
      150.0006702088889,
      146.99867654222223
    ],
    [
      272.5009717688889,
      0
    ],
    [
      299.99923375555557,
      0
    ]
  ],
  [
    [
      284.99979873333336,
      -14.999435022222224
    ],
    [
      272.4988651066667,
      0
    ],
    [
      150.0006702088889,
      0
    ],
    [
      150.0006702088889,
      147.00078320444445
    ],
    [
      134.99912852444444,
      165.00010523111112
    ],
    [
      -14.999435022222224,
      -14.999435022222224
    ]
  ]
]
