[
  [
    [
      149.99978344622227,
      149.99978344622227
    ],
    [
      62.50064810251113,
      62.50064810251113
    ],
    [
      149.99978344622227,
      62.50064810251113
    ]
  ],
  [
    [
      149.99978344622227,
      0
    ],
    [
      0,
      0
    ],
    [
      0,
      299.99956689244453
    ],
    [
      149.99978344622227,
      299.99956689244453
    ],
    [
      149.99978344622227,
      149.99978344622227
    ],
    [
      187.4997293077778,
      187.4997293077778
    ],
    [
      237.49891878993338,
      62.50064810251113
    ],
    [
      149.99978344622227,
      62.50064810251113
    ]
  ],
  [
    [
      362.5002149949556,
      187.4997293077778
    ],
    [
      362.5002149949556,
      62.50064810251113
    ],
    [
      162.50124206657782,
      62.50064810251113
    ]
  ]
]
