[
  [
    [
      0,
      0
    ],
    [
      0,
      300.00043415226673
    ],
    [
      150.00021707613337,
      300.00043415226673
    ],
    [
      150.00021707613337,
      239.99914332280005
    ],
    [
      300.00043415226673,
      239.99914332280005
    ],
    [
      150.00021707613337,
      29.99964208222223
    ],
    [
      150.00021707613337,
      0
    ]
  ],
  [
    [
      150.00021707613337,
      30.001648747244452
    ],
    [
      150.00021707613337,
      239.99914332280005
    ],
    [
      0,
      239.99914332280005
    ]
  ]
]
