[
  [
    [
      224.9991665469556,
      0
    ],
    [
      224.9991665469556,
      300.0001931743556
    ],
    [
      179.99972457108893,
      300.0001931743556
    ],
    [
      179.99972457108893,
      120.00046860326668
    ],
    [
      74.99906995977778,
      120.00046860326668
    ],
    [
      74.99906995977778,
      0
    ]
  ],
  [
    [
      74.99906995977778,
      300.0001931743556
    ],
    [
      179.99972457108893,
      300.0001931743556
    ],
    [
      179.99972457108893,
      420.00066177762227
    ],
    [
      59.999255967822236,
      420.00066177762227
    ],
    [
      59.999255967822236,
      120.00046860326668
    ],
    [
      74.99906995977778,
      120.00046860326668
    ]
  ]
]
