[
  [
    [
      150.00129385760002,
      0
    ],
    [
      150.00129385760002,
      150.00129385760002
    ],
    [
      75.00064692880001,
      150.00129385760002
    ],
    [
      75.00064692880001,
      299.9998310479112
    ],
    [
      224.99918411911113,
      299.9998310479112
    ],
    [
      224.99918411911113,
      0
    ],
    [
      150.00129385760002,
      0
    ],
    [
      150.00129385760002,
      -150.00129385760002
    ],
    [
      -150.00129385760002,
      -150.00129385760002
    ],
    [
      -150.00129385760002,
      150.00129385760002
    ],
    [
      74.99789026151112,
      150.00129385760002
    ],
    [
      74.99789026151112,
      0
    ]
  ]
]
