[
  [
    [
      450.00095845574396,
      0
    ],
    [
      450.00095845574396,
      299.99960598870064
    ],
    [
      150.00135246704335,
      299.99960598870064
    ],
    [
      150.00135246704335,
      0
    ]
  ],
  [
    [
      -27.682879133709985,
      -150.00135246704335
    ],
    [
      -27.682879133709985,
      150.00135246704335
    ],
    [
      0.3532797740112995,
      150.00135246704335
    ],
    [
      0.3532797740112995,
      -150.00135246704335
    ]
  ]
]
