[
  [
    [
      224.99957333333342,
      0
    ],
    [
      224.99957333333342,
      50.00024000000002
    ],
    [
      75.00036000000003,
      50.00024000000002
    ],
    [
      75.00036000000003,
      0
    ]
  ],
  [
    [
      199.9994533333334,
      100.00048000000004
    ],
    [
      150.00072000000006,
      199.9994533333334
    ],
    [
      100.00048000000004,
      100.00048000000004
    ]
  ],
  [
    [
      150.00072000000006,
      249.99969333333343
    ],
    [
      224.99957333333342,
      100.00048000000004
    ],
    [
      224.99957333333342,
      150.00072000000006
    ],
    [
      150.00072000000006,
      299.99993333333344
    ],
    [
      75.00036000000003,
      150.00072000000006
    ],
    [
      75.00036000000003,
      100.00048000000004
    ]
  ]
]
