[
  [
    [
      0,
      299.9992439928112
    ],
    [
      0,
      3.0006711386777787
    ],
    [
      134.99935129733336,
      164.99989269547783
    ],
    [
      150.00065032784448,
      146.9999791891667
    ],
    [
      150.00065032784448,
      299.9992439928112
    ]
  ],
  [
    [
      150.00065032784448,
      0
    ],
    [
      0,
      0
    ],
    [
      0,
      3.0006711386777787
    ],
    [
      -14.999242367633338,
      -14.999242367633338
    ],
    [
      285.00000162517784,
      -14.999242367633338
    ],
    [
      150.00065032784448,
      146.9999791891667
    ]
  ]
]
