[
  [
    [
      299.99993333333333,
      299.99993333333333
    ],
    [
      150.00072,
      299.99993333333333
    ],
    [
      299.99993333333333,
      0
    ]
  ],
  [
    [
      150.00072,
      249.99969333333334
    ],
    [
      150.00072,
      199.99945333333335
    ],
    [
      199.99945333333335,
      100.00048000000001
    ],
    [
      150.00072,
      100.00048000000001
    ],
    [
      150.00072,
      50.000240000000005
    ],
    [
      249.99969333333334,
      50.000240000000005
    ]
  ]
]
