[
  [
    [
      225.00078064030134,
      0
    ],
    [
      225.00078064030134,
      300.00025787193977
    ],
    [
      74.99947723163842,
      300.00025787193977
    ],
    [
      74.99947723163842,
      0
    ]
  ],
  [
    [
      -27.684670320150662,
      -149.99895446327685
    ],
    [
      -27.684670320150662,
      149.99895446327685
    ],
    [
      0.35234180790960457,
      149.99895446327685
    ],
    [
      0.35234180790960457,
      -149.99895446327685
    ]
  ]
]
