[
  [
    [
      224.99950666666666,
      0
    ],
    [
      224.99950666666666,
      300.00068
    ],
    [
      74.99916666666667,
      300.00068
    ],
    [
      74.99916666666667,
      107.14195333333333
    ],
    [
      42.85638,
      42.85638
    ],
    [
      74.99916666666667,
      42.85638
    ],
    [
      74.99916666666667,
      0
    ]
  ],
  [
    [
      342.85706,
      42.85638
    ],
    [
      300.00068,
      128.57114666666666
    ],
    [
      257.1422933333333,
      42.85638
    ]
  ]
]
