[
  [
    [
      449.9993066666667,
      0
    ],
    [
      449.9993066666667,
      300.00037333333336
    ],
    [
      149.99893333333335,
      300.00037333333336
    ],
    [
      0,
      0
    ]
  ],
  [
    [
      149.99893333333335,
      50.00048000000001
    ],
    [
      50.00048000000001,
      50.00048000000001
    ],
    [
      149.99893333333335,
      249.99989333333338
    ],
    [
      149.99893333333335,
      199.99941333333337
    ],
    [
      100.00096000000002,
      100.00096000000002
    ],
    [
      149.99893333333335,
      100.00096000000002
    ]
  ]
]
