[
  [
    [
      74.9998107452,
      299.9992429808
    ],
    [
      74.9998107452,
      285.7137603896
    ],
    [
      224.9994322356,
      285.7137603896
    ],
    [
      224.9994322356,
      299.9992429808
    ]
  ],
  [
    [
      224.9994322356,
      0
    ],
    [
      74.9998107452,
      0
    ],
    [
      74.9998107452,
      285.7137603896
    ],
    [
      -14.2854825912,
      285.7137603896
    ],
    [
      -14.2854825912,
      -14.2854825912
    ],
    [
      285.7137603896,
      -14.2854825912
    ],
    [
      285.7137603896,
      285.7137603896
    ],
    [
      224.9994322356,
      285.7137603896
    ]
  ]
]
