[
  [
    [
      224.99957333333336,
      0
    ],
    [
      224.99957333333336,
      135.00034666666667
    ],
    [
      150.00072,
      30.000746666666668
    ],
    [
      75.00036,
      135.00034666666667
    ],
    [
      75.00036,
      0
    ]
  ],
  [
    [
      75.00036,
      299.99993333333333
    ],
    [
      75.00036,
      239.9999466666667
    ],
    [
      224.99957333333336,
      239.9999466666667
    ],
    [
      224.99957333333336,
      299.99993333333333
    ]
  ]
]
