[
  [
    [
      224.99957333333336,
      0
    ],
    [
      224.99957333333336,
      25.000120000000003
    ],
    [
      162.50002666666668,
      25.000120000000003
    ],
    [
      162.50002666666668,
      212.50026666666668
    ],
    [
      224.99957333333336,
      212.50026666666668
    ],
    [
      224.99957333333336,
      299.99993333333333
    ],
    [
      75.00036,
      299.99993333333333
    ],
    [
      75.00036,
      75.00036
    ],
    [
      137.49990666666667,
      137.49990666666667
    ],
    [
      137.49990666666667,
      25.000120000000003
    ],
    [
      75.00036,
      25.000120000000003
    ],
    [
      75.00036,
      0
    ]
  ]
]
