[
  [
    [
      225.00104774571116,
      0
    ],
    [
      225.00104774571116,
      300.00022588236675
    ],
    [
      187.49970200951114,
      300.00022588236675
    ],
    [
      187.49970200951114,
      0
    ]
  ],
  [
    [
      150.00011294118337,
      300.00022588236675
    ],
    [
      150.00011294118337,
      0
    ]
  ],
  [
    [
      262.50063681403896,
      37.499589068327786
    ],
    [
      150.00011294118337,
      150.00011294118337
    ],
    [
      37.499589068327786,
      37.499589068327786
    ],
    [
      37.499589068327786,
      262.50063681403896
    ],
    [
      150.00011294118337,
      150.00011294118337
    ],
    [
      262.50063681403896,
      262.50063681403896
    ]
  ]
]
