[
  [
    [
      300.00068,
      0
    ],
    [
      300.00068,
      24.999053333333332
    ],
    [
      324.9997333333333,
      24.999053333333332
    ],
    [
      324.9997333333333,
      212.49998
    ],
    [
      300.00068,
      212.49998
    ],
    [
      300.00068,
      300.00068
    ],
    [
      150.00034,
      300.00068
    ],
    [
      150.00034,
      0
    ]
  ],
  [
    [
      137.50081333333333,
      137.50081333333333
    ],
    [
      24.999053333333332,
      24.999053333333332
    ],
    [
      137.50081333333333,
      24.999053333333332
    ]
  ]
]
