[
  [
    [
      0,
      299.9992429808
    ],
    [
      0,
      285.7137603896
    ],
    [
      149.9996214904,
      285.7137603896
    ],
    [
      149.9996214904,
      299.9992429808
    ]
  ],
  [
    [
      149.9996214904,
      0
    ],
    [
      0,
      0
    ],
    [
      0,
      285.7137603896
    ],
    [
      -14.2854825912,
      285.7137603896
    ],
    [
      -14.2854825912,
      -14.2854825912
    ],
    [
      285.7137603896,
      -14.2854825912
    ],
    [
      285.7137603896,
      285.7137603896
    ],
    [
      149.9996214904,
      285.7137603896
    ]
  ]
]
