[
  [
    [
      225.00001497120005,
      0
    ],
    [
      225.00001497120005,
      300.00135774240005
    ],
    [
      74.99933610000001,
      300.00135774240005
    ],
    [
      74.99933610000001,
      107.14219538160002
    ],
    [
      85.71496030800002,
      128.5714371264
    ],
    [
      128.5714371264,
      42.856476818400004
    ],
    [
      74.99933610000001,
      42.856476818400004
    ],
    [
      74.99933610000001,
      0
    ]
  ],
  [
    [
      74.99933610000001,
      107.14219538160002
    ],
    [
      42.856476818400004,
      42.856476818400004
    ],
    [
      74.99933610000001,
      42.856476818400004
    ]
  ],
  [
    [
      342.85783456080003,
      42.856476818400004
    ],
    [
      300.00135774240005,
      128.5714371264
    ],
    [
      257.1428742528,
      42.856476818400004
    ]
  ]
]
