[
  [
    [
      0,
      0
    ],
    [
      0.3526228294990584,
      0
    ],
    [
      0.3526228294990584,
      150.00113398898932
    ],
    [
      0,
      150.00113398898932
    ],
    [
      0,
      300.00016903256494
    ],
    [
      150.00113398898932,
      300.00016903256494
    ],
    [
      150.00113398898932,
      0
    ],
    [
      0.3526228294990584,
      0
    ],
    [
      0.3526228294990584,
      -149.99903504357565
    ],
    [
      -27.682991061089766,
      -149.99903504357565
    ],
    [
      -27.682991061089766,
      149.99903504357565
    ],
    [
      0,
      149.99903504357565
    ]
  ]
]
