[
  [
    [
      449.9991151776001,
      0
    ],
    [
      449.9991151776001,
      300.0002456736001
    ],
    [
      359.9997934752001,
      300.0002456736001
    ],
    [
      404.9994543264001,
      255.00058482240007
    ],
    [
      150.00137616960004,
      255.00058482240007
    ],
    [
      150.00137616960004,
      300.0002456736001
    ],
    [
      359.9997934752001,
      300.0002456736001
    ],
    [
      255.00058482240007,
      404.9994543264001
    ],
    [
      104.99920865280002,
      255.00058482240007
    ],
    [
      149.99886950400003,
      255.00058482240007
    ],
    [
      149.99886950400003,
      0
    ]
  ]
]
