[
  [
    [
      299.9996096252446,
      0
    ],
    [
      299.9996096252446,
      254.99896117991122
    ],
    [
      149.9998048126223,
      254.99896117991122
    ],
    [
      149.9998048126223,
      299.9996096252446
    ],
    [
      299.9996096252446,
      299.9996096252446
    ],
    [
      299.9996096252446,
      255.00131785173346
    ],
    [
      405.00112266435576,
      255.00131785173346
    ],
    [
      255.00131785173346,
      405.00112266435576
    ],
    [
      104.99915636728893,
      255.00131785173346
    ],
    [
      149.9998048126223,
      255.00131785173346
    ],
    [
      149.9998048126223,
      0
    ]
  ]
]
