[
  [
    [
      75.00032516392224,
      299.9992439928112
    ],
    [
      75.00032516392224,
      93.00023867023336
    ],
    [
      134.99935129733336,
      164.99989269547783
    ],
    [
      224.99891882888895,
      57.000411657611124
    ],
    [
      224.99891882888895,
      299.9992439928112
    ]
  ],
  [
    [
      285.00000162517784,
      -14.999242367633338
    ],
    [
      225.00097549176672,
      57.000411657611124
    ],
    [
      225.00097549176672,
      0
    ],
    [
      75.00032516392224,
      0
    ],
    [
      75.00032516392224,
      93.00023867023336
    ],
    [
      -14.999242367633338,
      -14.999242367633338
    ]
  ]
]
