[
  [
    [
      262.5000933333333,
      262.5000933333333
    ],
    [
      262.5000933333333,
      37.50058666666666
    ],
    [
      37.50058666666666,
      262.5000933333333
    ],
    [
      37.50058666666666,
      37.50058666666666
    ]
  ],
  [
    [
      300.00068,
      0
    ],
    [
      150.00034,
      300.00068
    ],
    [
      0,
      0
    ]
  ],
  [
    [
      0,
      300.00068
    ],
    [
      0,
      0
    ]
  ],
  [
    [
      224.99950666666666,
      0
    ],
    [
      224.99950666666666,
      300.00068
    ],
    [
      187.50092666666666,
      300.00068
    ],
    [
      187.50092666666666,
      0
    ]
  ],
  [
    [
      150.00034,
      239.99934
    ],
    [
      239.99934,
      59.99933333333333
    ],
    [
      59.99933333333333,
      59.99933333333333
    ]
  ]
]
