[
  [
    [
      262.5000933333333,
      262.5000933333333
    ],
    [
      262.5000933333333,
      37.50058666666666
    ],
    [
      37.50058666666666,
      262.5000933333333
    ],
    [
      37.50058666666666,
      37.50058666666666
    ]
  ],
  [
    [
      330.00034666666664,
      0
    ],
    [
      330.00034666666664,
      214.28591333333333
    ],
    [
      115.71443333333333,
      214.28591333333333
    ],
    [
      115.71443333333333,
      0
    ]
  ],
  [
    [
      224.99950666666666,
      0
    ],
    [
      224.99950666666666,
      300.00068
    ],
    [
      187.50092666666666,
      300.00068
    ],
    [
      187.50092666666666,
      0
    ]
  ],
  [
    [
      72.85805333333333,
      0
    ],
    [
      51.42886,
      42.85638
    ],
    [
      29.999666666666666,
      0
    ]
  ],
  [
    [
      64.28557333333333,
      85.71476666666666
    ],
    [
      42.85638,
      107.14195333333333
    ],
    [
      34.28590666666666,
      85.71476666666666
    ]
  ],
  [
    [
      180.00000666666665,
      128.57114666666666
    ],
    [
      201.42919999999998,
      42.85638
    ],
    [
      158.57081333333332,
      42.85638
    ]
  ],
  [
    [
      265.7147733333333,
      42.85638
    ],
    [
      244.28557999999998,
      85.71476666666666
    ],
    [
      287.14196,
      42.85638
    ]
  ],
  [
    [
      287.14196,
      171.42953333333332
    ],
    [
      244.28557999999998,
      128.57114666666666
    ],
    [
      244.28557999999998,
      171.42953333333332
    ]
  ]
]
