[
  [
    [
      262.5000266666667,
      37.49973500000001
    ],
    [
      150.0008216666667,
      150.0008216666667
    ],
    [
      262.5000266666667,
      262.5000266666667
    ]
  ],
  [
    [
      225.0002916666667,
      0
    ],
    [
      225.0002916666667,
      299.9997616666667
    ],
    [
      187.50055666666668,
      299.9997616666667
    ],
    [
      187.50055666666668,
      0
    ]
  ],
  [
    [
      150.0008216666667,
      0
    ],
    [
      150.0008216666667,
      299.9997616666667
    ],
    [
      0,
      299.9997616666667
    ],
    [
      0,
      0
    ]
  ]
]
