[
  [
    [
      262.50044913371005,
      262.50044913371005
    ],
    [
      262.50044913371005,
      37.500064161958576
    ],
    [
      37.500064161958576,
      262.50044913371005
    ],
    [
      37.500064161958576,
      37.500064161958576
    ]
  ],
  [
    [
      225.00038497175146,
      0
    ],
    [
      225.00038497175146,
      300.0005132956686
    ],
    [
      187.50032080979287,
      300.0005132956686
    ],
    [
      187.50032080979287,
      0
    ]
  ],
  [
    [
      -27.683448870056502,
      -150.0002566478343
    ],
    [
      -27.683448870056502,
      150.0002566478343
    ],
    [
      0.3537741902071564,
      150.0002566478343
    ],
    [
      0.3537741902071564,
      -150.0002566478343
    ]
  ]
]
