[
  [
    [
      329.9987866666667,
      0
    ],
    [
      329.9987866666667,
      214.28624666666667
    ],
    [
      115.71514666666667,
      214.28624666666667
    ],
    [
      115.71514666666667,
      0
    ]
  ],
  [
    [
      72.85633333333334,
      0
    ],
    [
      51.42953333333334,
      42.85620666666667
    ],
    [
      30.00012666666667,
      0
    ]
  ],
  [
    [
      64.28561333333334,
      85.71502000000001
    ],
    [
      42.85620666666667,
      107.14182000000001
    ],
    [
      34.28548666666667,
      85.71502000000001
    ]
  ],
  [
    [
      180.00076,
      128.5712266666667
    ],
    [
      201.42756000000003,
      42.85620666666667
    ],
    [
      158.57135333333335,
      42.85620666666667
    ]
  ],
  [
    [
      265.7131733333334,
      42.85620666666667
    ],
    [
      244.28637333333336,
      85.71502000000001
    ],
    [
      287.14258,
      42.85620666666667
    ]
  ],
  [
    [
      287.14258,
      171.42743333333334
    ],
    [
      244.28637333333336,
      128.5712266666667
    ],
    [
      244.28637333333336,
      171.42743333333334
    ]
  ],
  [
    [
      405.0004066666667,
      254.99977333333337
    ],
    [
      254.99977333333337,
      405.0004066666667
    ],
    [
      104.99914000000001,
      254.99977333333337
    ]
  ]
]
