[
  [
    [
      329.99944087729244,
      0
    ],
    [
      329.99944087729244,
      214.28510049390883
    ],
    [
      115.71434038338359,
      214.28510049390883
    ],
    [
      115.71434038338359,
      0
    ]
  ],
  [
    [
      72.85780293044283,
      0
    ],
    [
      51.42832758936992,
      42.856537452940756
    ],
    [
      29.998852248297005,
      0
    ]
  ],
  [
    [
      64.28601279401367,
      85.71307490588151
    ],
    [
      42.856537452940756,
      107.14255024695441
    ],
    [
      34.284747316511584,
      85.71307490588151
    ]
  ],
  [
    [
      180.00035317739724,
      128.57202558802734
    ],
    [
      201.4274152892651,
      42.856537452940756
    ],
    [
      158.57087783632434,
      42.856537452940756
    ]
  ],
  [
    [
      265.71342808327876,
      42.856537452940756
    ],
    [
      244.28636597141093,
      85.71307490588151
    ],
    [
      287.1429034243517,
      42.856537452940756
    ]
  ],
  [
    [
      287.1429034243517,
      171.4285630409681
    ],
    [
      244.28636597141093,
      128.57202558802734
    ],
    [
      244.28636597141093,
      171.4285630409681
    ]
  ],
  [
    [
      -27.68456544062933,
      -149.99908769989517
    ],
    [
      -27.68456544062933,
      149.99908769989517
    ],
    [
      0.3523314639410637,
      149.99908769989517
    ],
    [
      0.3523314639410637,
      -149.99908769989517
    ]
  ]
]
