[
  [
    [
      330.0009066666667,
      0
    ],
    [
      330.0009066666667,
      214.28592
    ],
    [
      115.71498666666668,
      214.28592
    ],
    [
      115.71498666666668,
      0
    ]
  ],
  [
    [
      299.9998666666667,
      0
    ],
    [
      150.00098666666668,
      299.9998666666667
    ],
    [
      0,
      0
    ]
  ],
  [
    [
      0,
      299.9998666666667
    ],
    [
      0,
      0
    ]
  ],
  [
    [
      72.85696,
      0
    ],
    [
      51.42794666666667,
      42.85802666666667
    ],
    [
      30.001040000000003,
      0
    ]
  ],
  [
    [
      64.28493333333334,
      85.71394666666667
    ],
    [
      42.85802666666667,
      107.14296
    ],
    [
      34.286,
      85.71394666666667
    ]
  ],
  [
    [
      179.99992,
      128.57197333333335
    ],
    [
      201.42893333333336,
      42.85802666666667
    ],
    [
      158.57090666666667,
      42.85802666666667
    ]
  ],
  [
    [
      265.71386666666666,
      42.85802666666667
    ],
    [
      244.28485333333336,
      85.71394666666667
    ],
    [
      287.14288000000005,
      42.85802666666667
    ]
  ],
  [
    [
      287.14288000000005,
      171.42789333333334
    ],
    [
      244.28485333333336,
      128.57197333333335
    ],
    [
      244.28485333333336,
      171.42789333333334
    ]
  ],
  [
    [
      150.00098666666668,
      239.99989333333335
    ],
    [
      239.99989333333335,
      59.99997333333334
    ],
    [
      59.99997333333334,
      59.99997333333334
    ]
  ]
]
