[
  [
    [
      -149.99993257853333,
      149.99993257853333
    ],
    [
      0,
      149.99993257853333
    ],
    [
      0,
      299.99986515706667
    ],
    [
      299.99986515706667,
      299.99986515706667
    ],
    [
      299.99986515706667,
      0
    ],
    [
      149.99993257853333,
      0
    ],
    [
      149.99993257853333,
      -149.99993257853333
    ],
    [
      -149.99993257853333,
      -149.99993257853333
    ]
  ],
  [
    [
      149.99993257853333,
      149.99993257853333
    ],
    [
      0,
      149.99993257853333
    ],
    [
      0,
      0
    ],
    [
      149.99993257853333,
      0
    ]
  ]
]
