[
  [
    [
      -149.99906166666668,
      149.99906166666668
    ],
    [
      149.99906166666668,
      149.99906166666668
    ],
    [
      149.99906166666668,
      -149.99906166666668
    ],
    [
      -149.99906166666668,
      -149.99906166666668
    ]
  ],
  [
    [
      162.49921666666668,
      212.49983666666668
    ],
    [
      325.0012316666667,
      212.49983666666668
    ],
    [
      325.0012316666667,
      25.000310000000002
    ],
    [
      162.49921666666668,
      25.000310000000002
    ]
  ]
]
