[
  [
    [
      -149.99959333333334,
      149.99959333333334
    ],
    [
      60.001039999999996,
      149.99959333333334
    ],
    [
      60.001039999999996,
      420.00126666666665
    ],
    [
      180.00011333333333,
      420.00126666666665
    ],
    [
      180.00011333333333,
      119.99907333333333
    ],
    [
      149.99959333333334,
      119.99907333333333
    ],
    [
      149.99959333333334,
      -149.99959333333334
    ],
    [
      -149.99959333333334,
      -149.99959333333334
    ]
  ]
]
