[
  [
    [
      -149.99971142857146,
      149.99971142857146
    ],
    [
      -14.286380000000001,
      149.99971142857146
    ],
    [
      -14.286380000000001,
      285.7130428571429
    ],
    [
      285.7130428571429,
      285.7130428571429
    ],
    [
      285.7130428571429,
      -14.286380000000001
    ],
    [
      149.99971142857146,
      -14.286380000000001
    ],
    [
      149.99971142857146,
      -149.99971142857146
    ],
    [
      -149.99971142857146,
      -149.99971142857146
    ]
  ]
]
