[
  [
    [
      -149.99959333333337,
      149.99959333333337
    ],
    [
      75.00130000000001,
      149.99959333333337
    ],
    [
      149.99959333333337,
      299.99918666666673
    ],
    [
      299.99918666666673,
      0
    ],
    [
      149.99959333333337,
      0
    ],
    [
      149.99959333333337,
      -149.99959333333337
    ],
    [
      -149.99959333333337,
      -149.99959333333337
    ]
  ],
  [
    [
      149.99959333333337,
      250.00132666666673
    ],
    [
      99.9987266666667,
      149.99959333333337
    ],
    [
      124.99916000000003,
      149.99959333333337
    ],
    [
      149.99959333333337,
      200.00046000000006
    ],
    [
      200.00046000000006,
      99.9987266666667
    ],
    [
      149.99959333333337,
      99.9987266666667
    ],
    [
      149.99959333333337,
      50.00086666666668
    ],
    [
      250.00132666666673,
      50.00086666666668
    ]
  ]
]
