[
  [
    [
      -149.99893333333335,
      149.99893333333335
    ],
    [
      122.50080000000001,
      149.99893333333335
    ],
    [
      134.99904,
      164.9988266666667
    ],
    [
      147.4997866666667,
      149.99893333333335
    ],
    [
      149.99893333333335,
      149.99893333333335
    ],
    [
      149.99893333333335,
      147.00096000000002
    ],
    [
      285.00048000000004,
      -14.999893333333336
    ],
    [
      149.99893333333335,
      -14.999893333333336
    ],
    [
      149.99893333333335,
      -149.99893333333335
    ],
    [
      -149.99893333333335,
      -149.99893333333335
    ]
  ]
]
