[
  [
    [
      -149.99928787084448,
      -149.99928787084448
    ],
    [
      149.99928787084448,
      -149.99928787084448
    ],
    [
      149.99928787084448,
      30.000418906733337
    ],
    [
      64.28661194300001,
      149.99928787084448
    ],
    [
      -149.99928787084448,
      149.99928787084448
    ]
  ],
  [
    [
      0,
      240.0005445910445
    ],
    [
      64.28661194300001,
      149.99928787084448
    ],
    [
      149.99928787084448,
      149.99928787084448
    ],
    [
      149.99928787084448,
      30.000418906733337
    ],
    [
      299.99857574168897,
      240.0005445910445
    ]
  ]
]
