[
  [
    [
      -149.99959333333334,
      149.99959333333334
    ],
    [
      0,
      149.99959333333334
    ],
    [
      0,
      299.9991866666667
    ],
    [
      299.9991866666667,
      299.9991866666667
    ],
    [
      269.9986666666667,
      149.99959333333334
    ],
    [
      299.9991866666667,
      0
    ],
    [
      149.99959333333334,
      0
    ],
    [
      149.99959333333334,
      -149.99959333333334
    ],
    [
      -149.99959333333334,
      -149.99959333333334
    ]
  ],
  [
    [
      149.99959333333334,
      180.00011333333333
    ],
    [
      149.99959333333334,
      119.99907333333333
    ],
    [
      269.9986666666667,
      149.99959333333334
    ]
  ]
]
