[
  [
    [
      -149.99971306693334,
      149.99971306693334
    ],
    [
      74.99835319893334,
      149.99971306693334
    ],
    [
      149.99971306693334,
      299.9994261338667
    ],
    [
      299.9994261338667,
      0
    ],
    [
      149.99971306693334,
      0
    ],
    [
      149.99971306693334,
      -149.99971306693334
    ],
    [
      -149.99971306693334,
      -149.99971306693334
    ]
  ],
  [
    [
      149.99971306693334,
      149.99971306693334
    ],
    [
      74.99835319893334,
      149.99971306693334
    ],
    [
      0,
      0
    ],
    [
      149.99971306693334,
      0
    ]
  ]
]
