[
  [
    [
      -150.00117333333336,
      150.00117333333336
    ],
    [
      75.00058666666668,
      150.00117333333336
    ],
    [
      75.00058666666668,
      374.9994266666667
    ],
    [
      274.99981333333335,
      224.99825333333337
    ],
    [
      150.00117333333336,
      131.2510266666667
    ],
    [
      150.00117333333336,
      -150.00117333333336
    ],
    [
      -150.00117333333336,
      -150.00117333333336
    ]
  ],
  [
    [
      175.0002,
      224.99825333333337
    ],
    [
      374.9994266666667,
      374.9994266666667
    ],
    [
      374.9994266666667,
      75.00058666666668
    ]
  ]
]
