[
  [
    [
      -149.99971306693337,
      149.99971306693337
    ],
    [
      74.99835319893336,
      149.99971306693337
    ],
    [
      149.99971306693337,
      299.99942613386673
    ],
    [
      299.99942613386673,
      0
    ],
    [
      149.99971306693337,
      0
    ],
    [
      149.99971306693337,
      -149.99971306693337
    ],
    [
      -149.99971306693337,
      -149.99971306693337
    ]
  ],
  [
    [
      124.99925977760003,
      149.99971306693337
    ],
    [
      149.99971306693337,
      200.00061964560004
    ],
    [
      200.00061964560004,
      99.9988064882667
    ],
    [
      149.99971306693337,
      99.9988064882667
    ],
    [
      149.99971306693337,
      50.00090657866668
    ],
    [
      249.99851955520006,
      50.00090657866668
    ],
    [
      149.99971306693337,
      249.99851955520006
    ],
    [
      99.9988064882667,
      149.99971306693337
    ]
  ],
  [
    [
      74.99835319893336,
      149.99971306693337
    ],
    [
      0,
      0
    ],
    [
      149.99971306693337,
      0
    ],
    [
      149.99971306693337,
      50.00090657866668
    ],
    [
      50.00090657866668,
      50.00090657866668
    ],
    [
      99.9988064882667,
      149.99971306693337
    ]
  ],
  [
    [
      149.99971306693337,
      149.99971306693337
    ],
    [
      124.99925977760003,
      149.99971306693337
    ],
    [
      99.9988064882667,
      99.9988064882667
    ],
    [
      149.99971306693337,
      99.9988064882667
    ]
  ]
]
