[
  [
    [
      -150.00034,
      150.00034
    ],
    [
      74.99916666666667,
      150.00034
    ],
    [
      0,
      0
    ],
    [
      150.00034,
      0
    ],
    [
      150.00034,
      -150.00034
    ],
    [
      -150.00034,
      -150.00034
    ]
  ],
  [
    [
      124.99928,
      150.00034
    ],
    [
      100.00022666666666,
      100.00022666666666
    ],
    [
      150.00034,
      100.00022666666666
    ],
    [
      150.00034,
      50.00011333333333
    ],
    [
      50.00011333333333,
      50.00011333333333
    ],
    [
      100.00022666666666,
      150.00034
    ]
  ]
]
