[
  [
    [
      -150.00122656568888,
      150.00122656568888
    ],
    [
      75.00061328284444,
      150.00122656568888
    ],
    [
      75.00061328284444,
      374.99955974631115
    ],
    [
      274.9999109251556,
      224.99833318062224
    ],
    [
      150.00122656568888,
      131.2510732449778
    ],
    [
      150.00122656568888,
      -150.00122656568888
    ],
    [
      -150.00122656568888,
      -150.00122656568888
    ]
  ],
  [
    [
      150.00122656568888,
      150.00122656568888
    ],
    [
      75.00061328284444,
      150.00122656568888
    ],
    [
      75.00061328284444,
      75.00061328284444
    ],
    [
      150.00122656568888,
      131.2510732449778
    ]
  ],
  [
    [
      175.000262104,
      224.99833318062224
    ],
    [
      374.99955974631115,
      374.99955974631115
    ],
    [
      374.99955974631115,
      75.00061328284444
    ]
  ]
]
