[
  [
    [
      -149.99993257853333,
      149.99993257853333
    ],
    [
      0,
      149.99993257853333
    ],
    [
      0,
      299.99986515706667
    ],
    [
      299.99986515706667,
      299.99986515706667
    ],
    [
      269.99927730666667,
      149.99993257853333
    ],
    [
      299.99986515706667,
      0
    ],
    [
      149.99993257853333,
      0
    ],
    [
      149.99993257853333,
      -149.99993257853333
    ],
    [
      -149.99993257853333,
      -149.99993257853333
    ]
  ],
  [
    [
      149.99993257853333,
      119.99934472813334
    ],
    [
      269.99927730666667,
      149.99993257853333
    ],
    [
      149.99993257853333,
      180.00052042893333
    ],
    [
      149.99993257853333,
      149.99993257853333
    ],
    [
      0,
      149.99993257853333
    ],
    [
      0,
      0
    ],
    [
      149.99993257853333,
      0
    ]
  ]
]
