[
  [
    [
      285.7133598904762,
      -14.286718952222223
    ],
    [
      285.7133598904762,
      0
    ],
    [
      149.99898846365082,
      0
    ],
    [
      149.99898846365082,
      285.7133598904762
    ],
    [
      -14.286718952222223,
      285.7133598904762
    ],
    [
      -14.286718952222223,
      -14.286718952222223
    ]
  ],
  [
    [
      300.00007884269843,
      300.00007884269843
    ],
    [
      150.00109037904764,
      300.00007884269843
    ],
    [
      150.00109037904764,
      285.7133598904762
    ],
    [
      285.7133598904762,
      285.7133598904762
    ],
    [
      285.7133598904762,
      0
    ],
    [
      300.00007884269843,
      0
    ]
  ]
]
