[
  [
    [
      300.0006515974667,
      0
    ],
    [
      300.0006515974667,
      300.0006515974667
    ],
    [
      179.99942829173335,
      300.0006515974667
    ],
    [
      179.99942829173335,
      119.99881663886667
    ],
    [
      60.000611652866674,
      119.99881663886667
    ],
    [
      60.000611652866674,
      300.0006515974667
    ],
    [
      0,
      300.0006515974667
    ],
    [
      0,
      0
    ]
  ],
  [
    [
      179.99942829173335,
      300.0006515974667
    ],
    [
      179.99942829173335,
      419.99946823633337
    ],
    [
      60.000611652866674,
      419.99946823633337
    ],
    [
      60.000611652866674,
      300.0006515974667
    ]
  ]
]
