[
  [
    [
      149.99935714285726,
      249.9995657142859
    ],
    [
      249.9995657142859,
      49.999148571428606
    ],
    [
      49.999148571428606,
      49.999148571428606
    ]
  ],
  [
    [
      200.0004171428573,
      100.00020857142864
    ],
    [
      149.99935714285726,
      200.0004171428573
    ],
    [
      100.00020857142864,
      100.00020857142864
    ]
  ],
  [
    [
      285.71460857142876,
      0
    ],
    [
      285.71460857142876,
      28.572034285714306
    ],
    [
      157.14236571428583,
      285.71460857142876
    ],
    [
      142.85634857142867,
      285.71460857142876
    ],
    [
      0,
      0
    ]
  ]
]
