[
  [
    [
      179.99971333333335,
      119.99909000000002
    ],
    [
      179.99971333333335,
      254.99995333333337
    ],
    [
      405.0004333333334,
      254.99995333333337
    ],
    [
      254.99995333333337,
      405.0004333333334
    ],
    [
      179.99971333333335,
      330.00019333333336
    ],
    [
      179.99971333333335,
      420.00005000000004
    ],
    [
      60.000623333333344,
      420.00005000000004
    ],
    [
      60.000623333333344,
      119.99909000000002
    ]
  ]
]
