[
  [
    [
      285.714520078,
      -14.285835861142859
    ],
    [
      285.714520078,
      42.85750758342858
    ],
    [
      257.1428483557143,
      42.85750758342858
    ],
    [
      285.714520078,
      100.00085102800001
    ],
    [
      285.714520078,
      285.714520078
    ],
    [
      -14.285835861142859,
      285.714520078
    ],
    [
      -14.285835861142859,
      -14.285835861142859
    ]
  ],
  [
    [
      285.714520078,
      42.85750758342858
    ],
    [
      342.85786352257145,
      42.85750758342858
    ],
    [
      300.0003559391429,
      128.57252275028574
    ],
    [
      285.714520078,
      100.00085102800001
    ]
  ],
  [
    [
      42.85750758342858,
      42.85750758342858
    ],
    [
      85.71281802200001,
      128.5703256054286
    ],
    [
      128.5703256054286,
      42.85750758342858
    ]
  ]
]
