[
  [
    [
      179.9998133111778,
      419.99889550457783
    ],
    [
      59.99926888222223,
      419.99889550457783
    ],
    [
      59.99926888222223,
      300.0003577401334
    ],
    [
      150.0001788700667,
      300.0003577401334
    ],
    [
      150.0001788700667,
      120.00054442895556
    ],
    [
      179.9998133111778,
      120.00054442895556
    ]
  ],
  [
    [
      59.99926888222223,
      120.00054442895556
    ],
    [
      59.99926888222223,
      300.0003577401334
    ],
    [
      0,
      300.0003577401334
    ],
    [
      0,
      0
    ],
    [
      150.0001788700667,
      0
    ],
    [
      150.0001788700667,
      120.00054442895556
    ]
  ]
]
