[
  [
    [
      300.00007884269843,
      300.00007884269843
    ],
    [
      0,
      300.00007884269843
    ],
    [
      0,
      285.715461805873
    ],
    [
      285.715461805873,
      285.715461805873
    ],
    [
      285.715461805873,
      0
    ],
    [
      300.00007884269843,
      0
    ]
  ],
  [
    [
      285.7133598904762,
      -14.286718952222223
    ],
    [
      285.7133598904762,
      0
    ],
    [
      0,
      0
    ],
    [
      0,
      285.7133598904762
    ],
    [
      -14.286718952222223,
      285.7133598904762
    ],
    [
      -14.286718952222223,
      -14.286718952222223
    ]
  ]
]
