[
  [
    [
      300.00068,
      300.00068
    ],
    [
      0,
      300.00068
    ],
    [
      0,
      0
    ],
    [
      150.00034,
      300.00068
    ],
    [
      300.00068,
      0
    ]
  ],
  [
    [
      50.00011333333333,
      50.00011333333333
    ],
    [
      250.00056666666666,
      50.00011333333333
    ],
    [
      150.00034,
      250.00056666666666
    ]
  ],
  [
    [
      100.00022666666666,
      100.00022666666666
    ],
    [
      150.00034,
      200.00045333333333
    ],
    [
      200.00045333333333,
      100.00022666666666
    ]
  ]
]
