[
  [
    [
      0.35345689661669805,
      0
    ],
    [
      0.35345689661669805,
      150.0008694494805
    ],
    [
      0,
      150.0008694494805
    ],
    [
      0,
      300.001738898961
    ],
    [
      300.001738898961,
      300.001738898961
    ],
    [
      300.001738898961,
      0
    ],
    [
      0.35345689661669805,
      0
    ],
    [
      0.35345689661669805,
      -149.99827050171123
    ],
    [
      -27.683991637949028,
      -149.99827050171123
    ],
    [
      -27.683991637949028,
      149.99827050171123
    ],
    [
      0,
      149.99827050171123
    ],
    [
      0,
      0
    ]
  ]
]
