[
  [
    [
      285.71389298920644,
      -14.284393702857148
    ],
    [
      285.71389298920644,
      0
    ],
    [
      149.99914334603181,
      0
    ],
    [
      149.99914334603181,
      285.71389298920644
    ],
    [
      -14.284393702857148,
      285.71389298920644
    ],
    [
      -14.284393702857148,
      -14.284393702857148
    ]
  ],
  [
    [
      285.71389298920644,
      285.71389298920644
    ],
    [
      285.71389298920644,
      0
    ],
    [
      450.00003193130175,
      0
    ],
    [
      450.00003193130175,
      300.00088858526993
    ],
    [
      149.99914334603181,
      300.00088858526993
    ],
    [
      149.99914334603181,
      285.71389298920644
    ]
  ]
]
