[
  [
    [
      285.71522,
      -14.285459999999999
    ],
    [
      285.71522,
      0
    ],
    [
      0,
      0
    ],
    [
      0,
      285.71522
    ],
    [
      -14.285459999999999,
      285.71522
    ],
    [
      -14.285459999999999,
      -14.285459999999999
    ]
  ],
  [
    [
      269.9990066666667,
      150.00034
    ],
    [
      150.00034,
      180.00000666666665
    ],
    [
      150.00034,
      120.00067333333332
    ]
  ],
  [
    [
      285.71522,
      71.42930666666666
    ],
    [
      285.71522,
      228.57137333333333
    ],
    [
      269.9990066666667,
      150.00034
    ]
  ]
]
