[
  [
    [
      285.7131229029524,
      -14.286392430619049
    ],
    [
      285.7131229029524,
      285.7131229029524
    ],
    [
      179.99970920014286,
      285.7131229029524
    ],
    [
      179.99970920014286,
      119.99980613342858
    ],
    [
      59.99990306671429,
      119.99980613342858
    ],
    [
      59.99990306671429,
      285.71557718785715
    ],
    [
      179.99970920014286,
      285.71557718785715
    ],
    [
      179.99970920014286,
      419.999321467
    ],
    [
      59.99990306671429,
      419.999321467
    ],
    [
      59.99990306671429,
      285.7131229029524
    ],
    [
      -14.286392430619049,
      285.7131229029524
    ],
    [
      -14.286392430619049,
      -14.286392430619049
    ]
  ]
]
