[
  [
    [
      285.71321714285716,
      -14.286397142857144
    ],
    [
      285.71321714285716,
      285.71321714285716
    ],
    [
      179.99976857142858,
      285.71321714285716
    ],
    [
      179.99976857142858,
      419.99946
    ],
    [
      59.99992285714286,
      419.99946
    ],
    [
      59.99992285714286,
      285.71321714285716
    ],
    [
      -14.286397142857144,
      285.71321714285716
    ],
    [
      -14.286397142857144,
      -14.286397142857144
    ]
  ]
]
