[
  [
    [
      59.998051958000005,
      120.00211725120002
    ],
    [
      149.99963989640003,
      120.00211725120002
    ],
    [
      149.99963989640003,
      149.99963989640003
    ],
    [
      60.00105862560001,
      149.99963989640003
    ],
    [
      60.00105862560001,
      419.99839037640004
    ],
    [
      180.0001692092,
      419.99839037640004
    ],
    [
      180.0001692092,
      119.99911058360001
    ],
    [
      149.99963989640003,
      119.99911058360001
    ],
    [
      149.99963989640003,
      -149.99963989640003
    ],
    [
      -149.99963989640003,
      -149.99963989640003
    ],
    [
      -149.99963989640003,
      149.99963989640003
    ],
    [
      59.998051958000005,
      149.99963989640003
    ]
  ]
]
