[
  [
    [
      299.9997295858667,
      0
    ],
    [
      299.9997295858667,
      255.00125881920005
    ],
    [
      105.00004068880003,
      255.00125881920005
    ],
    [
      149.99851145546668,
      299.9997295858667
    ],
    [
      0,
      299.9997295858667
    ],
    [
      0,
      0
    ]
  ],
  [
    [
      255.00125881920005,
      405.00247694960007
    ],
    [
      150.00121813040002,
      299.9997295858667
    ],
    [
      299.9997295858667,
      299.9997295858667
    ],
    [
      299.9997295858667,
      255.00125881920005
    ],
    [
      405.00247694960007,
      255.00125881920005
    ]
  ]
]
