[
  [
    [
      59.99933554800002,
      419.99976217440013
    ],
    [
      59.99933554800002,
      120.00087776520003
    ],
    [
      150.00054553920003,
      120.00087776520003
    ],
    [
      150.00054553920003,
      299.99888440920006
    ],
    [
      180.00021331320005,
      299.99888440920006
    ],
    [
      180.00021331320005,
      119.99867109600004
    ],
    [
      150.00054553920003,
      119.99867109600004
    ],
    [
      150.00054553920003,
      0
    ],
    [
      300.00109107840007,
      0
    ],
    [
      300.00109107840007,
      300.00109107840007
    ],
    [
      180.00021331320005,
      300.00109107840007
    ],
    [
      180.00021331320005,
      419.99976217440013
    ]
  ]
]
