[
  [
    [
      0.35302330306290025,
      -14.286177072885879
    ],
    [
      0.35302330306290025,
      149.99985184256323
    ],
    [
      -14.286177072885879,
      149.99985184256323
    ],
    [
      -14.286177072885879,
      -14.286177072885879
    ]
  ],
  [
    [
      -14.286177072885879,
      285.71603032360986
    ],
    [
      285.71603032360986,
      285.71603032360986
    ],
    [
      285.71603032360986,
      -14.286177072885879
    ],
    [
      0.35302330306290025,
      -14.286177072885879
    ],
    [
      0.35302330306290025,
      -149.99985184256323
    ],
    [
      -27.683536609691405,
      -149.99985184256323
    ],
    [
      -27.683536609691405,
      149.99985184256323
    ],
    [
      -14.286177072885879,
      149.99985184256323
    ]
  ]
]
