[
  [
    [
      285.71522,
      -14.285459999999999
    ],
    [
      285.71522,
      104.76204666666666
    ],
    [
      150.00034,
      150.00034
    ],
    [
      200.00045333333333,
      0
    ],
    [
      100.00022666666666,
      0
    ],
    [
      150.00034,
      150.00034
    ],
    [
      0,
      100.00022666666666
    ],
    [
      0,
      200.00045333333333
    ],
    [
      150.00034,
      150.00034
    ],
    [
      104.76204666666666,
      285.71522
    ],
    [
      -14.285459999999999,
      285.71522
    ],
    [
      -14.285459999999999,
      -14.285459999999999
    ]
  ],
  [
    [
      285.71522,
      195.23863333333333
    ],
    [
      285.71522,
      285.71522
    ],
    [
      195.23863333333333,
      285.71522
    ],
    [
      150.00034,
      150.00034
    ]
  ]
]
