[
  [
    [
      59.999960000000016,
      419.9997200000001
    ],
    [
      59.999960000000016,
      119.99992000000003
    ],
    [
      149.99990000000003,
      299.99980000000005
    ],
    [
      179.99988000000005,
      239.99984000000006
    ],
    [
      179.99988000000005,
      419.9997200000001
    ]
  ],
  [
    [
      179.99988000000005,
      139.9999066666667
    ],
    [
      179.99988000000005,
      189.99987333333337
    ],
    [
      149.99990000000003,
      249.99983333333338
    ],
    [
      85.00064666666668,
      119.99992000000003
    ],
    [
      109.9999266666667,
      119.99992000000003
    ],
    [
      149.99990000000003,
      199.99986666666672
    ]
  ]
]
