[
  [
    [
      60.000083333333336,
      420.00058333333334
    ],
    [
      60.000083333333336,
      120.00016666666667
    ],
    [
      120.00016666666667,
      120.00016666666667
    ],
    [
      24.999066666666668,
      24.999066666666668
    ],
    [
      137.49951333333334,
      24.999066666666668
    ],
    [
      137.49951333333334,
      120.00016666666667
    ],
    [
      162.50090333333335,
      120.00016666666667
    ],
    [
      162.50090333333335,
      24.999066666666668
    ],
    [
      324.99948333333333,
      24.999066666666668
    ],
    [
      324.99948333333333,
      212.49903666666668
    ],
    [
      180.00025000000002,
      212.49903666666668
    ],
    [
      180.00025000000002,
      420.00058333333334
    ]
  ]
]
