[
  [
    [
      285.71522,
      -14.285459999999999
    ],
    [
      285.71522,
      42.85638
    ],
    [
      257.1422933333333,
      42.85638
    ],
    [
      285.71522,
      100.00022666666666
    ],
    [
      285.71522,
      285.71522
    ],
    [
      -14.285459999999999,
      285.71522
    ],
    [
      -14.285459999999999,
      -14.285459999999999
    ]
  ],
  [
    [
      42.85638,
      42.85638
    ],
    [
      85.71476666666666,
      128.57114666666666
    ],
    [
      128.57114666666666,
      42.85638
    ]
  ]
]
