[
  [
    [
      180.0004266666667,
      119.99981000000001
    ],
    [
      180.0004266666667,
      180.0004266666667
    ],
    [
      187.49997000000002,
      187.49997000000002
    ],
    [
      237.5002466666667,
      62.49999000000001
    ],
    [
      62.49999000000001,
      62.49999000000001
    ],
    [
      119.99981000000001,
      119.99981000000001
    ]
  ],
  [
    [
      162.50054333333335,
      62.49999000000001
    ],
    [
      362.5002266666667,
      187.49997000000002
    ],
    [
      362.5002266666667,
      62.49999000000001
    ]
  ]
]
