[
  [
    [
      59.999960000000016,
      419.9997200000001
    ],
    [
      59.999960000000016,
      299.99980000000005
    ],
    [
      179.99988000000005,
      299.99980000000005
    ],
    [
      179.99988000000005,
      419.9997200000001
    ]
  ],
  [
    [
      149.99990000000003,
      119.99992000000003
    ],
    [
      179.99988000000005,
      127.50026666666669
    ],
    [
      179.99988000000005,
      172.49953333333337
    ],
    [
      149.99990000000003,
      179.99988000000005
    ]
  ]
]
