[
  [
    [
      60.000611652866674,
      419.99946823633337
    ],
    [
      60.000611652866674,
      300.0006515974667
    ],
    [
      179.99942829173335,
      300.0006515974667
    ],
    [
      179.99942829173335,
      419.99946823633337
    ]
  ],
  [
    [
      179.99942829173335,
      172.50025433520003
    ],
    [
      269.9991424376,
      150.00032579873334
    ],
    [
      300.0006515974667,
      300.0006515974667
    ],
    [
      179.99942829173335,
      300.0006515974667
    ]
  ],
  [
    [
      179.99942829173335,
      172.50025433520003
    ],
    [
      150.00032579873334,
      179.99942829173335
    ],
    [
      150.00032579873334,
      119.99881663886667
    ],
    [
      179.99942829173335,
      127.50039726226667
    ]
  ],
  [
    [
      179.99942829173335,
      119.99881663886667
    ],
    [
      60.000611652866674,
      119.99881663886667
    ],
    [
      60.000611652866674,
      300.0006515974667
    ],
    [
      0,
      300.0006515974667
    ],
    [
      0,
      0
    ],
    [
      300.0006515974667,
      0
    ],
    [
      269.9991424376,
      150.00032579873334
    ],
    [
      179.99942829173335,
      127.50039726226667
    ]
  ]
]
