[
  [
    [
      60.00060666666667,
      419.99943333333334
    ],
    [
      60.00060666666667,
      300.0006266666667
    ],
    [
      0,
      300.0006266666667
    ],
    [
      0,
      0
    ],
    [
      300.0006266666667,
      0
    ],
    [
      269.99912,
      150.00031333333334
    ],
    [
      179.99941333333334,
      127.50038666666667
    ],
    [
      179.99941333333334,
      172.50024000000002
    ],
    [
      269.99912,
      150.00031333333334
    ],
    [
      300.0006266666667,
      300.0006266666667
    ],
    [
      179.99941333333334,
      300.0006266666667
    ],
    [
      179.99941333333334,
      419.99943333333334
    ]
  ]
]
