[
  [
    [
      285.7140161904763,
      -14.286646666666673
    ],
    [
      285.7140161904763,
      0
    ],
    [
      300.00066285714297,
      0
    ],
    [
      285.7140161904763,
      28.57119142857144
    ],
    [
      285.7140161904763,
      285.7140161904763
    ],
    [
      157.14260380952388,
      285.7140161904763
    ],
    [
      150.00033142857149,
      300.00066285714297
    ],
    [
      142.8580590476191,
      285.7140161904763
    ],
    [
      -14.286646666666673,
      285.7140161904763
    ],
    [
      -14.286646666666673,
      -14.286646666666673
    ]
  ]
]
