[
  [
    [
      285.71335989047645,
      -14.286718952222236
    ],
    [
      285.71335989047645,
      0
    ],
    [
      0,
      0
    ],
    [
      0,
      285.71335989047645
    ],
    [
      -14.286718952222236,
      285.71335989047645
    ],
    [
      -14.286718952222236,
      -14.286718952222236
    ]
  ],
  [
    [
      285.71335989047645,
      228.56858599698432
    ],
    [
      270.00154229920656,
      149.99898846365093
    ],
    [
      285.71335989047645,
      71.43149284571435
    ]
  ],
  [
    [
      0,
      300.00007884269866
    ],
    [
      0,
      285.71546180587325
    ],
    [
      285.71546180587325,
      285.71546180587325
    ],
    [
      285.71546180587325,
      228.57489174317482
    ],
    [
      300.00007884269866,
      300.00007884269866
    ]
  ],
  [
    [
      270.00154229920656,
      149.99898846365093
    ],
    [
      149.99898846365093,
      179.99962692253985
    ],
    [
      149.99898846365093,
      120.00045192015884
    ]
  ],
  [
    [
      285.71546180587325,
      0
    ],
    [
      300.00007884269866,
      0
    ],
    [
      285.71546180587325,
      71.42518709952387
    ]
  ]
]
