[
  [
    [
      150.00014911173335,
      -14.286421686133334
    ],
    [
      150.00014911173335,
      150.00014911173335
    ],
    [
      -14.286421686133334,
      150.00014911173335
    ],
    [
      -14.286421686133334,
      -14.286421686133334
    ]
  ],
  [
    [
      -14.286421686133334,
      285.71387653733336
    ],
    [
      285.71387653733336,
      285.71387653733336
    ],
    [
      285.71387653733336,
      -14.286421686133334
    ],
    [
      150.00014911173335,
      -14.286421686133334
    ],
    [
      150.00014911173335,
      -150.00014911173335
    ],
    [
      -150.00014911173335,
      -150.00014911173335
    ],
    [
      -150.00014911173335,
      150.00014911173335
    ],
    [
      -14.286421686133334,
      150.00014911173335
    ]
  ]
]
