[
  [
    [
      60.00060666666668,
      419.9994333333334
    ],
    [
      60.00060666666668,
      119.9988066666667
    ],
    [
      0,
      0
    ],
    [
      300.00062666666673,
      0
    ],
    [
      179.99941333333337,
      240.00002000000006
    ],
    [
      179.99941333333337,
      419.9994333333334
    ]
  ],
  [
    [
      109.99910666666669,
      119.9988066666667
    ],
    [
      99.99940666666669,
      99.99940666666669
    ],
    [
      199.99881333333337,
      99.99940666666669
    ],
    [
      179.99941333333337,
      140.00061333333338
    ],
    [
      179.99941333333337,
      189.99911333333338
    ],
    [
      249.99972000000005,
      50.00090666666668
    ],
    [
      50.00090666666668,
      50.00090666666668
    ],
    [
      85.00106000000002,
      119.9988066666667
    ]
  ]
]
