[
  [
    [
      60.000611652866674,
      419.99946823633337
    ],
    [
      60.000611652866674,
      120.00122330573335
    ],
    [
      150.00032579873334,
      300.0006515974667
    ],
    [
      179.99942829173335,
      240.0024466114667
    ],
    [
      179.99942829173335,
      419.99946823633337
    ]
  ],
  [
    [
      300.0006515974667,
      0
    ],
    [
      179.99942829173335,
      239.99763327773334
    ],
    [
      179.99942829173335,
      119.99881663886667
    ],
    [
      60.000611652866674,
      119.99881663886667
    ],
    [
      0,
      0
    ]
  ]
]
