[
  [
    [
      60.00024976111111,
      419.999424988
    ],
    [
      60.00024976111111,
      120.00049952222221
    ],
    [
      120.00049952222221,
      120.00049952222221
    ],
    [
      137.49989472844445,
      137.49989472844445
    ],
    [
      137.49989472844445,
      120.00049952222221
    ],
    [
      162.49903073733333,
      120.00049952222221
    ],
    [
      162.49903073733333,
      212.4996260948889
    ],
    [
      180.00074928333333,
      212.4996260948889
    ],
    [
      180.00074928333333,
      419.999424988
    ]
  ],
  [
    [
      180.00074928333333,
      120.00049952222221
    ],
    [
      162.5013540771111,
      120.00049952222221
    ],
    [
      162.5013540771111,
      24.99913600888889
    ],
    [
      325.00038481444443,
      24.99913600888889
    ],
    [
      325.00038481444443,
      212.4996260948889
    ],
    [
      180.00074928333333,
      212.4996260948889
    ]
  ],
  [
    [
      120.00049952222221,
      120.00049952222221
    ],
    [
      24.99913600888889,
      24.99913600888889
    ],
    [
      137.49989472844445,
      24.99913600888889
    ],
    [
      137.49989472844445,
      120.00049952222221
    ]
  ]
]
