[
  [
    [
      60.000611652866674,
      419.99946823633337
    ],
    [
      60.000611652866674,
      120.00122330573335
    ],
    [
      150.00032579873334,
      300.0006515974667
    ],
    [
      179.99942829173335,
      240.0024466114667
    ],
    [
      179.99942829173335,
      419.99946823633337
    ]
  ],
  [
    [
      109.99911580786667,
      119.99881663886667
    ],
    [
      99.99941497686667,
      99.99941497686667
    ],
    [
      199.99882995373335,
      99.99941497686667
    ],
    [
      179.99942829173335,
      139.99821830086668
    ],
    [
      179.99942829173335,
      119.99881663886667
    ],
    [
      110.00152247473333,
      119.99881663886667
    ],
    [
      150.00032579873334,
      199.99882995373335
    ],
    [
      179.99942829173335,
      140.00062496773333
    ],
    [
      179.99942829173335,
      189.99912912273334
    ],
    [
      150.00032579873334,
      249.9997407756
    ],
    [
      85.00106706380001,
      119.99881663886667
    ]
  ],
  [
    [
      60.000611652866674,
      119.99881663886667
    ],
    [
      0,
      0
    ],
    [
      300.0006515974667,
      0
    ],
    [
      179.99942829173335,
      239.99763327773334
    ],
    [
      179.99942829173335,
      189.99912912273334
    ],
    [
      249.9997407756,
      50.00091082186667
    ],
    [
      50.00091082186667,
      50.00091082186667
    ],
    [
      85.00106706380001,
      119.99881663886667
    ]
  ]
]
