[
  [
    [
      285.7152200000001,
      -14.285460000000006
    ],
    [
      285.7152200000001,
      0
    ],
    [
      0,
      0
    ],
    [
      142.85660666666672,
      285.7152200000001
    ],
    [
      -14.285460000000006,
      285.7152200000001
    ],
    [
      -14.285460000000006,
      -14.285460000000006
    ]
  ],
  [
    [
      50.00011333333335,
      50.00011333333335
    ],
    [
      250.00056666666677,
      50.00011333333335
    ],
    [
      150.00034000000005,
      250.00056666666677
    ]
  ],
  [
    [
      100.0002266666667,
      100.0002266666667
    ],
    [
      150.00034000000005,
      200.0004533333334
    ],
    [
      200.0004533333334,
      100.0002266666667
    ]
  ],
  [
    [
      285.7152200000001,
      28.57092000000001
    ],
    [
      285.7152200000001,
      285.7152200000001
    ],
    [
      157.14206666666672,
      285.7152200000001
    ]
  ]
]
