[
  [
    [
      59.999960000000016,
      419.9997200000001
    ],
    [
      59.999960000000016,
      119.99992000000003
    ],
    [
      119.99992000000003,
      119.99992000000003
    ],
    [
      137.50026000000003,
      137.50026000000003
    ],
    [
      137.50026000000003,
      119.99992000000003
    ],
    [
      162.49954000000002,
      119.99992000000003
    ],
    [
      162.49954000000002,
      212.49950666666672
    ],
    [
      179.99988000000005,
      212.49950666666672
    ],
    [
      179.99988000000005,
      419.9997200000001
    ]
  ]
]
