[
  [
    [
      285.71522,
      -14.285459999999999
    ],
    [
      285.71522,
      24.999053333333332
    ],
    [
      162.49986666666666,
      24.999053333333332
    ],
    [
      162.49986666666666,
      212.49998
    ],
    [
      285.71522,
      212.49998
    ],
    [
      285.71522,
      285.71522
    ],
    [
      -14.285459999999999,
      285.71522
    ],
    [
      -14.285459999999999,
      -14.285459999999999
    ]
  ],
  [
    [
      137.50081333333333,
      24.999053333333332
    ],
    [
      24.999053333333332,
      24.999053333333332
    ],
    [
      137.50081333333333,
      137.50081333333333
    ]
  ]
]
