[
  [
    [
      -27.68401635219385,
      -150.00100335929594
    ],
    [
      -27.68401635219385,
      150.00100335929594
    ],
    [
      0.35345721215718773,
      150.00100335929594
    ],
    [
      0.35345721215718773,
      -150.00100335929594
    ]
  ],
  [
    [
      180.00068424113724,
      120.00132247745462
    ],
    [
      180.00068424113724,
      420.0007302459571
    ],
    [
      59.999361763682614,
      420.0007302459571
    ],
    [
      59.999361763682614,
      120.00132247745462
    ]
  ]
]
