[
  [
    [
      -27.682964207027315,
      -149.99888953605276
    ],
    [
      -27.682964207027315,
      149.99888953605276
    ],
    [
      0.35262248743502833,
      149.99888953605276
    ],
    [
      0.35262248743502833,
      3.4233766488484
    ],
    [
      134.9998401597985,
      165.00003785568458
    ],
    [
      285.00082863922887,
      -14.99904937625424
    ],
    [
      0.35262248743502833,
      -14.99904937625424
    ],
    [
      0.35262248743502833,
      3.4233766488484
    ],
    [
      -15.00114831963183,
      -15.00114831963183
    ],
    [
      0.35262248743502833,
      -15.00114831963183
    ],
    [
      0.35262248743502833,
      -149.99888953605276
    ]
  ]
]
