[
  [
    [
      -27.6829906967985,
      -149.99903306967988
    ],
    [
      -27.6829906967985,
      149.99903306967988
    ],
    [
      0.3526228248587571,
      149.99903306967988
    ],
    [
      0.3526228248587571,
      3.423379924670434
    ],
    [
      134.99996934086633,
      165.00019574387952
    ],
    [
      284.9990024105462,
      -14.999063728813564
    ],
    [
      0.3526228248587571,
      -14.999063728813564
    ],
    [
      0.3526228248587571,
      -149.99903306967988
    ]
  ]
]
