[
  [
    [
      -27.683885834100447,
      -150.00029616982175
    ],
    [
      -27.683885834100447,
      150.00029616982175
    ],
    [
      0.353455545760201,
      150.00029616982175
    ],
    [
      0.353455545760201,
      0.706911091520402
    ],
    [
      150.00029616982175,
      299.99799340180704
    ],
    [
      299.99799340180704,
      0
    ],
    [
      0.353455545760201,
      0
    ],
    [
      0.353455545760201,
      -150.00029616982175
    ]
  ],
  [
    [
      0.353455545760201,
      0.706911091520402
    ],
    [
      0,
      0
    ],
    [
      0.353455545760201,
      0
    ]
  ]
]
