[
  [
    [
      -27.684196384180794,
      -150.00106090395482
    ],
    [
      -27.684196384180794,
      150.00106090395482
    ],
    [
      0.3526804143126177,
      150.00106090395482
    ],
    [
      0.3526804143126177,
      -150.00106090395482
    ]
  ],
  [
    [
      187.49950192090398,
      187.49950192090398
    ],
    [
      237.49985555555557,
      62.49983397363466
    ],
    [
      62.49983397363466,
      62.49983397363466
    ]
  ],
  [
    [
      162.50054124293786,
      62.49983397363466
    ],
    [
      362.4995235028249,
      187.49950192090398
    ],
    [
      362.4995235028249,
      62.49983397363466
    ]
  ]
]
