[
  [
    [
      -27.68396625235405,
      -150.00073190207158
    ],
    [
      -27.68396625235405,
      150.00073190207158
    ],
    [
      0.35345657250470813,
      150.00073190207158
    ],
    [
      0.35345657250470813,
      0.7069131450094163
    ],
    [
      150.00073190207158,
      299.9988648587571
    ],
    [
      299.9988648587571,
      0
    ],
    [
      0.35345657250470813,
      0
    ],
    [
      0.35345657250470813,
      -150.00073190207158
    ]
  ],
  [
    [
      50.001110282485875,
      50.001110282485875
    ],
    [
      250.00035352165725,
      50.001110282485875
    ],
    [
      150.00073190207158,
      250.00035352165725
    ]
  ],
  [
    [
      99.9996216195857,
      99.9996216195857
    ],
    [
      150.00073190207158,
      199.9992432391714
    ],
    [
      199.9992432391714,
      99.9996216195857
    ]
  ]
]
