[
  [
    [
      -27.682879133709985,
      -150.00135246704335
    ],
    [
      -27.682879133709985,
      150.00135246704335
    ],
    [
      0.3532797740112995,
      150.00135246704335
    ],
    [
      0.3532797740112995,
      -150.00135246704335
    ]
  ],
  [
    [
      275.00041355932206,
      224.99892975517895
    ],
    [
      75.00067623352167,
      375.00028222222227
    ],
    [
      75.00067623352167,
      75.00067623352167
    ]
  ],
  [
    [
      375.00028222222227,
      75.00067623352167
    ],
    [
      375.00028222222227,
      375.00028222222227
    ],
    [
      175.00054489642187,
      224.99892975517895
    ]
  ]
]
