[
  [
    [
      -27.683939998478653,
      -149.99857683198695
    ],
    [
      -27.683939998478653,
      149.99857683198695
    ],
    [
      0.35420378328282676,
      149.99857683198695
    ],
    [
      0.35420378328282676,
      -149.99857683198695
    ]
  ],
  [
    [
      342.8558114411959,
      42.85641598112531
    ],
    [
      299.9993954600706,
      128.57148973947264
    ],
    [
      257.1429794789453,
      42.85641598112531
    ]
  ],
  [
    [
      128.57148973947264,
      42.85641598112531
    ],
    [
      85.71507375834734,
      128.57148973947264
    ],
    [
      42.85641598112531,
      42.85641598112531
    ]
  ]
]
