[
  [
    [
      -27.682914276905848,
      -150.00154289257256
    ],
    [
      -27.682914276905848,
      150.00154289257256
    ],
    [
      0.3532802224971752,
      150.00154289257256
    ],
    [
      0.3532802224971752,
      -150.00154289257256
    ]
  ],
  [
    [
      275.0007626701696,
      224.99921538953868
    ],
    [
      75.00077144628628,
      375.00075828211124
    ],
    [
      75.00077144628628,
      75.00077144628628
    ]
  ],
  [
    [
      375.00075828211124,
      75.00077144628628
    ],
    [
      375.00075828211124,
      375.00075828211124
    ],
    [
      175.00076705822792,
      224.99921538953868
    ]
  ]
]
