[
  [
    [
      -27.683991637949028,
      -149.99827050171123
    ],
    [
      -27.683991637949028,
      149.99827050171123
    ],
    [
      0,
      149.99827050171123
    ],
    [
      0,
      0
    ],
    [
      0.35345689661669805,
      0
    ],
    [
      0.35345689661669805,
      150.0008694494805
    ],
    [
      0,
      150.0008694494805
    ],
    [
      0,
      300.001738898961
    ],
    [
      300.001738898961,
      300.001738898961
    ],
    [
      269.99948585084945,
      150.0008694494805
    ],
    [
      300.001738898961,
      0
    ],
    [
      0.35345689661669805,
      0
    ],
    [
      0.35345689661669805,
      -149.99827050171123
    ]
  ],
  [
    [
      150.0008694494805,
      180.00052354982273
    ],
    [
      150.0008694494805,
      120.00121534913823
    ],
    [
      269.99948585084945,
      150.0008694494805
    ]
  ]
]
