[
  [
    [
      -27.68349151466236,
      -149.9996075006726
    ],
    [
      -27.68349151466236,
      149.9996075006726
    ],
    [
      -14.286153801452786,
      149.9996075006726
    ],
    [
      -14.286153801452786,
      285.71306119989237
    ],
    [
      285.71306119989237,
      285.71306119989237
    ],
    [
      285.71306119989237,
      -14.286153801452786
    ],
    [
      0.35302272800645684,
      -14.286153801452786
    ],
    [
      0.35302272800645684,
      -149.9996075006726
    ]
  ]
]
