[
  [
    [
      -27.684035875200003,
      -149.99867220000002
    ],
    [
      -27.684035875200003,
      149.99867220000002
    ],
    [
      0.3531741312000001,
      149.99867220000002
    ],
    [
      0.3531741312000001,
      -149.99867220000002
    ]
  ],
  [
    [
      150.00067887120002,
      -150.00067887120002
    ],
    [
      150.00067887120002,
      150.00067887120002
    ],
    [
      -150.00067887120002,
      150.00067887120002
    ],
    [
      -150.00067887120002,
      -150.00067887120002
    ]
  ]
]
