[
  [
    [
      -27.683158920674202,
      -149.9982561725132
    ],
    [
      -27.683158920674202,
      149.9982561725132
    ],
    [
      0.3538089395733836,
      149.9982561725132
    ],
    [
      0.3538089395733836,
      -149.9982561725132
    ]
  ],
  [
    [
      137.50019444217773,
      137.50019444217773
    ],
    [
      25.000904662557065,
      25.000904662557065
    ],
    [
      137.50019444217773,
      25.000904662557065
    ]
  ],
  [
    [
      324.9998076085265,
      25.000904662557065
    ],
    [
      324.9998076085265,
      212.4981272279628
    ],
    [
      162.49870850379173,
      212.4981272279628
    ],
    [
      162.49870850379173,
      25.000904662557065
    ]
  ]
]
