[
  [
    [
      -27.68396625235405,
      -150.00073190207158
    ],
    [
      -27.68396625235405,
      150.00073190207158
    ],
    [
      0,
      150.00073190207158
    ],
    [
      0,
      299.9988648587571
    ],
    [
      299.9988648587571,
      299.9988648587571
    ],
    [
      269.99923826741997,
      150.00073190207158
    ],
    [
      299.9988648587571,
      0
    ],
    [
      0.35345657250470813,
      0
    ],
    [
      0.35345657250470813,
      -150.00073190207158
    ]
  ],
  [
    [
      150.00073190207158,
      180.00035849340867
    ],
    [
      150.00073190207158,
      120.00110531073447
    ],
    [
      269.99923826741997,
      150.00073190207158
    ]
  ]
]
