[
  [
    [
      -27.68458718321227,
      -149.9992055044391
    ],
    [
      -27.68458718321227,
      149.9992055044391
    ],
    [
      0.3523317406510627,
      149.9992055044391
    ],
    [
      0.3523317406510627,
      -149.9992055044391
    ]
  ],
  [
    [
      329.9997000484262,
      0
    ],
    [
      329.9997000484262,
      214.28526878665593
    ],
    [
      115.71443126177026,
      214.28526878665593
    ],
    [
      115.71443126177026,
      0
    ]
  ],
  [
    [
      72.85786015065914,
      0
    ],
    [
      51.42836797955341,
      42.856571111111116
    ],
    [
      29.998875808447675,
      0
    ]
  ],
  [
    [
      64.28606328221684,
      85.71314222222223
    ],
    [
      42.856571111111116,
      107.14263439332797
    ],
    [
      34.284774242668824,
      85.71314222222223
    ]
  ],
  [
    [
      180.0004945439871,
      128.5721265644337
    ],
    [
      201.4275734839925,
      42.856571111111116
    ],
    [
      158.57100237288137,
      42.856571111111116
    ]
  ],
  [
    [
      265.71363676620933,
      42.856571111111116
    ],
    [
      244.28655782620396,
      85.71314222222223
    ],
    [
      287.14312893731505,
      42.856571111111116
    ]
  ],
  [
    [
      287.14312893731505,
      171.4286976755448
    ],
    [
      244.28655782620396,
      128.5721265644337
    ],
    [
      244.28655782620396,
      171.4286976755448
    ]
  ]
]
