[
  [
    [
      -27.683488114433153,
      -150.00046928992947
    ],
    [
      -27.683488114433153,
      150.00046928992947
    ],
    [
      0.3537746917215318,
      150.00046928992947
    ],
    [
      0.3537746917215318,
      -150.00046928992947
    ]
  ],
  [
    [
      262.5008212573766,
      262.5008212573766
    ],
    [
      262.5008212573766,
      37.50011732248237
    ],
    [
      37.50011732248237,
      262.5008212573766
    ],
    [
      37.50011732248237,
      37.50011732248237
    ]
  ],
  [
    [
      225.0007039348942,
      0
    ],
    [
      225.0007039348942,
      300.00093857985894
    ],
    [
      187.50058661241184,
      300.00093857985894
    ],
    [
      187.50058661241184,
      0
    ]
  ]
]
