[
  [
    [
      -27.68396625235405,
      -150.00073190207158
    ],
    [
      -27.68396625235405,
      150.00073190207158
    ],
    [
      0.35345657250470813,
      150.00073190207158
    ],
    [
      0.35345657250470813,
      -150.00073190207158
    ]
  ],
  [
    [
      180.00035849340867,
      120.00110531073447
    ],
    [
      180.00035849340867,
      419.9999701694915
    ],
    [
      59.9992531826742,
      419.9999701694915
    ],
    [
      59.9992531826742,
      120.00110531073447
    ]
  ]
]
