[
  [
    [
      270.00093333333336,
      150.00098666666668
    ],
    [
      168.61970666666667,
      124.65568
    ],
    [
      150.00098666666668,
      146.99898666666667
    ],
    [
      150.00098666666668,
      179.99992
    ],
    [
      270.00093333333336,
      150.00098666666668
    ],
    [
      299.9998666666667,
      299.9998666666667
    ],
    [
      0,
      299.9998666666667
    ],
    [
      0,
      2.9998933333333335
    ],
    [
      -14.999466666666669,
      -14.999466666666669
    ],
    [
      285.0004,
      -14.999466666666669
    ],
    [
      272.49944000000005,
      0
    ],
    [
      299.9998666666667,
      0
    ]
  ]
]
