[
  [
    [
      300.0008786360001,
      0
    ],
    [
      291.42856514990484,
      42.85726837657144
    ],
    [
      257.1436102594286,
      42.85726837657144
    ],
    [
      281.63317082790485,
      91.83638951352383
    ],
    [
      269.9999309616191,
      150.00043931800005
    ],
    [
      150.00043931800005,
      119.99949164361908
    ],
    [
      150.00043931800005,
      179.99923746542862
    ],
    [
      269.9999309616191,
      150.00043931800005
    ],
    [
      300.0008786360001,
      300.0008786360001
    ],
    [
      0,
      300.0008786360001
    ],
    [
      0,
      0
    ]
  ],
  [
    [
      291.42856514990484,
      42.85726837657144
    ],
    [
      342.8581470125715,
      42.85726837657144
    ],
    [
      300.0008786360001,
      128.5718051297143
    ],
    [
      281.63317082790485,
      91.83638951352383
    ]
  ],
  [
    [
      42.85726837657144,
      42.85726837657144
    ],
    [
      85.71453675314288,
      128.5718051297143
    ],
    [
      128.5718051297143,
      42.85726837657144
    ]
  ]
]
