[
  [
    [
      0,
      300.0006628571429
    ],
    [
      0,
      285.71401619047623
    ],
    [
      -14.28664666666667,
      285.71401619047623
    ],
    [
      -14.28664666666667,
      -14.28664666666667
    ],
    [
      285.71401619047623,
      -14.28664666666667
    ],
    [
      285.71401619047623,
      0
    ],
    [
      300.0006628571429,
      0
    ],
    [
      285.71401619047623,
      71.42902952380953
    ],
    [
      285.71401619047623,
      228.57163333333338
    ],
    [
      300.0006628571429,
      300.0006628571429
    ]
  ]
]
