[
  [
    [
      300.0006800000001,
      0
    ],
    [
      291.4282000000001,
      42.856380000000016
    ],
    [
      257.14229333333344,
      42.856380000000016
    ],
    [
      281.6316533333334,
      91.8371066666667
    ],
    [
      269.9990066666668,
      150.00034000000005
    ],
    [
      150.00034000000005,
      120.00067333333338
    ],
    [
      150.00034000000005,
      180.00000666666674
    ],
    [
      269.9990066666668,
      150.00034000000005
    ],
    [
      300.0006800000001,
      300.0006800000001
    ],
    [
      0,
      300.0006800000001
    ],
    [
      0,
      0
    ]
  ],
  [
    [
      42.856380000000016,
      42.856380000000016
    ],
    [
      85.7147666666667,
      128.57114666666672
    ],
    [
      128.57114666666672,
      42.856380000000016
    ]
  ]
]
