[
  [
    [
      300.0006800000001,
      0
    ],
    [
      230.0001200000001,
      139.99911333333338
    ],
    [
      207.7782933333334,
      134.44466000000006
    ],
    [
      250.00056666666677,
      50.00011333333335
    ],
    [
      50.00011333333335,
      50.00011333333335
    ],
    [
      150.00034000000005,
      250.00056666666677
    ],
    [
      189.99922666666674,
      170.00078666666673
    ],
    [
      218.57215333333343,
      162.8570533333334
    ],
    [
      150.00034000000005,
      300.0006800000001
    ],
    [
      0,
      0
    ]
  ],
  [
    [
      150.00034000000005,
      180.00000666666674
    ],
    [
      161.42830666666674,
      177.1425133333334
    ],
    [
      150.00034000000005,
      200.0004533333334
    ],
    [
      100.0002266666667,
      100.0002266666667
    ],
    [
      200.0004533333334,
      100.0002266666667
    ],
    [
      185.55646666666675,
      128.88820000000004
    ],
    [
      150.00034000000005,
      120.00067333333338
    ]
  ]
]
