[
  [
    [
      0,
      300.00135774240005
    ],
    [
      0,
      0
    ],
    [
      150.00067887120002,
      0
    ],
    [
      150.00067887120002,
      120.00094443120001
    ],
    [
      270.00162330240005,
      150.00067887120002
    ],
    [
      150.00067887120002,
      180.00041331120002
    ],
    [
      150.00067887120002,
      299.99935107120007
    ],
    [
      299.99935107120007,
      299.99935107120007
    ],
    [
      270.00162330240005,
      150.00067887120002
    ],
    [
      299.99935107120007,
      0
    ],
    [
      300.00135774240005,
      0
    ],
    [
      300.00135774240005,
      300.00135774240005
    ]
  ]
]
