[
  [
    [
      269.9990066666667,
      150.00034
    ],
    [
      168.62019999999998,
      124.65614
    ],
    [
      272.4993133333333,
      0
    ],
    [
      300.00068,
      0
    ]
  ],
  [
    [
      269.9990066666667,
      150.00034
    ],
    [
      300.00068,
      300.00068
    ],
    [
      0,
      300.00068
    ],
    [
      0,
      2.9999666666666664
    ],
    [
      135.00050666666667,
      165.00017333333332
    ],
    [
      150.00034,
      147.00037333333333
    ],
    [
      150.00034,
      180.00000666666665
    ]
  ]
]
