[
  [
    [
      269.9990066666667,
      150.00034
    ],
    [
      224.99950666666666,
      138.75096666666667
    ],
    [
      224.99950666666666,
      0
    ],
    [
      300.00068,
      0
    ]
  ],
  [
    [
      300.00068,
      300.00068
    ],
    [
      224.99950666666666,
      300.00068
    ],
    [
      224.99950666666666,
      161.24971333333332
    ],
    [
      269.9990066666667,
      150.00034
    ]
  ],
  [
    [
      0,
      0
    ],
    [
      74.99916666666667,
      0
    ],
    [
      74.99916666666667,
      300.00068
    ],
    [
      0,
      300.00068
    ]
  ]
]
