[
  [
    [
      149.99935714285718,
      119.99948571428574
    ],
    [
      149.99935714285718,
      179.9992285714286
    ],
    [
      270.0007542857143,
      149.99935714285718
    ]
  ],
  [
    [
      285.71460857142864,
      228.57054000000002
    ],
    [
      285.71460857142864,
      285.71460857142864
    ],
    [
      0,
      285.71460857142864
    ],
    [
      0,
      0
    ],
    [
      285.71460857142864,
      0
    ],
    [
      285.71460857142864,
      71.42817428571429
    ],
    [
      270.0007542857143,
      149.99935714285718
    ]
  ]
]
