[
  [
    [
      269.9996166312001,
      150.00067887120005
    ],
    [
      230.00063960160008,
      139.99942961040006
    ],
    [
      300.0013577424001,
      0
    ]
  ],
  [
    [
      300.0013577424001,
      300.0013577424001
    ],
    [
      0,
      300.0013577424001
    ],
    [
      0,
      0
    ],
    [
      150.00067887120005,
      300.0013577424001
    ],
    [
      218.57264711760007,
      162.85742124960007
    ],
    [
      269.9996166312001,
      150.00067887120005
    ]
  ],
  [
    [
      185.55688586400007,
      128.88849117600006
    ],
    [
      200.0009051616001,
      100.00045258080004
    ],
    [
      100.00045258080004,
      100.00045258080004
    ],
    [
      150.00067887120005,
      200.0009051616001
    ],
    [
      161.42867135520007,
      177.14291352240008
    ],
    [
      189.99965590080006,
      170.00117072160006
    ],
    [
      150.00067887120005,
      250.0011314520001
    ],
    [
      50.00022629040002,
      50.00022629040002
    ],
    [
      250.0011314520001,
      50.00022629040002
    ],
    [
      207.7787627328001,
      134.44496372880005
    ]
  ],
  [
    [
      230.00063960160008,
      139.99942961040006
    ],
    [
      218.57264711760007,
      162.85742124960007
    ],
    [
      189.99965590080006,
      170.00117072160006
    ],
    [
      207.7787627328001,
      134.44496372880005
    ]
  ],
  [
    [
      150.00067887120005,
      180.00041331120008
    ],
    [
      150.00067887120005,
      120.00094443120004
    ],
    [
      185.55688586400007,
      128.88849117600006
    ],
    [
      161.42867135520007,
      177.14291352240008
    ]
  ]
]
