[
  [
    [
      300.0004400000001,
      0
    ],
    [
      291.4281390476191,
      42.85720571428572
    ],
    [
      342.85764571428575,
      42.85720571428572
    ],
    [
      300.0004400000001,
      128.57161714285718
    ],
    [
      281.6327590476191,
      91.83625523809526
    ],
    [
      269.99953619047625,
      150.00022000000004
    ],
    [
      150.00022000000004,
      119.99931619047621
    ],
    [
      150.00022000000004,
      179.99897428571433
    ],
    [
      269.99953619047625,
      150.00022000000004
    ],
    [
      300.0004400000001,
      300.0004400000001
    ],
    [
      0,
      300.0004400000001
    ],
    [
      0,
      0
    ]
  ]
]
