[
  [
    [
      269.9990066666668,
      150.00034000000005
    ],
    [
      230.0001200000001,
      139.99911333333338
    ],
    [
      300.0006800000001,
      0
    ]
  ],
  [
    [
      300.0006800000001,
      300.0006800000001
    ],
    [
      0,
      300.0006800000001
    ],
    [
      0,
      0
    ],
    [
      150.00034000000005,
      300.0006800000001
    ],
    [
      218.57215333333343,
      162.8570533333334
    ],
    [
      269.9990066666668,
      150.00034000000005
    ]
  ]
]
