[
  [
    [
      269.9996166312,
      150.00067887120002
    ],
    [
      225.00001497120005,
      138.75128012400003
    ],
    [
      225.00001497120005,
      0
    ],
    [
      300.00135774240005,
      0
    ]
  ],
  [
    [
      300.00135774240005,
      300.00135774240005
    ],
    [
      0,
      300.00135774240005
    ],
    [
      0,
      0
    ],
    [
      75.00134277120002,
      0
    ],
    [
      75.00134277120002,
      299.99935107120007
    ],
    [
      225.00001497120005,
      299.99935107120007
    ],
    [
      225.00001497120005,
      161.2500776184
    ],
    [
      269.9996166312,
      150.00067887120002
    ]
  ],
  [
    [
      150.00067887120002,
      120.00094443120001
    ],
    [
      225.00001497120005,
      138.75128012400003
    ],
    [
      225.00001497120005,
      161.2500776184
    ],
    [
      150.00067887120002,
      180.00041331120002
    ]
  ]
]
