[
  [
    [
      300.00069,
      0
    ],
    [
      294.99932,
      25.000580000000003
    ],
    [
      324.99918,
      25.000580000000003
    ],
    [
      324.99918,
      212.50075000000004
    ],
    [
      282.49903000000006,
      212.50075000000004
    ],
    [
      300.00069,
      300.00069
    ],
    [
      0,
      300.00069
    ],
    [
      0,
      0
    ]
  ],
  [
    [
      149.99930000000003,
      179.99916000000002
    ],
    [
      162.49959,
      176.87461000000002
    ],
    [
      162.49959,
      123.12399000000002
    ],
    [
      149.99930000000003,
      119.99944000000002
    ]
  ]
]
