[
  [
    [
      150.00067887120005,
      180.00041331120008
    ],
    [
      240.90890424480008,
      157.27285530000006
    ],
    [
      283.3339467552001,
      216.66630947760007
    ],
    [
      287.9994572952001,
      239.9998821912001
    ],
    [
      0,
      239.9998821912001
    ],
    [
      150.00067887120005,
      29.99973444000001
    ],
    [
      228.25884900000008,
      139.56398196000006
    ],
    [
      150.00067887120005,
      119.99893776000005
    ]
  ],
  [
    [
      283.3339467552001,
      216.66630947760007
    ],
    [
      269.9996166312001,
      150.00067887120005
    ],
    [
      300.0013577424001,
      0
    ],
    [
      0,
      0
    ],
    [
      0,
      300.0013577424001
    ],
    [
      300.0013577424001,
      300.0013577424001
    ],
    [
      288.0014639664001,
      239.9998821912001
    ],
    [
      299.9993510712001,
      239.9998821912001
    ]
  ],
  [
    [
      240.90890424480008,
      157.27285530000006
    ],
    [
      228.2608556712001,
      139.56598863120004
    ],
    [
      269.9996166312001,
      150.00067887120005
    ]
  ]
]
