[
  [
    [
      300.00068,
      0
    ],
    [
      269.9990066666667,
      150.00034
    ],
    [
      230.00011999999998,
      139.99911333333333
    ],
    [
      218.57215333333332,
      162.85705333333334
    ],
    [
      269.9990066666667,
      150.00034
    ],
    [
      300.00068,
      300.00068
    ],
    [
      0,
      300.00068
    ],
    [
      0,
      0
    ]
  ],
  [
    [
      185.55646666666667,
      128.88819999999998
    ],
    [
      161.42830666666666,
      177.1425133333333
    ],
    [
      189.99922666666666,
      170.00078666666667
    ],
    [
      207.77829333333332,
      134.44466
    ]
  ]
]
