[
  [
    [
      299.9988133333333,
      0
    ],
    [
      270.0008266666667,
      150.00076
    ],
    [
      150.00076,
      120.00006666666667
    ],
    [
      150.00076,
      179.99874666666668
    ],
    [
      270.0008266666667,
      150.00076
    ],
    [
      290.99914666666666,
      255.00048
    ],
    [
      405.00124,
      255.00048
    ],
    [
      255.00048,
      405.00124
    ],
    [
      150.00076,
      299.9988133333333
    ],
    [
      0,
      299.9988133333333
    ],
    [
      0,
      0
    ]
  ]
]
