[
  [
    [
      0,
      300.0000788426985
    ],
    [
      0,
      285.7154618058731
    ],
    [
      285.7154618058731,
      285.7154618058731
    ],
    [
      285.7154618058731,
      228.57489174317467
    ],
    [
      300.0000788426985,
      300.0000788426985
    ]
  ],
  [
    [
      285.7133598904763,
      -14.286718952222227
    ],
    [
      285.7133598904763,
      0
    ],
    [
      0,
      0
    ],
    [
      0,
      285.7133598904763
    ],
    [
      -14.286718952222227,
      285.7133598904763
    ],
    [
      -14.286718952222227,
      -14.286718952222227
    ]
  ],
  [
    [
      285.7133598904763,
      228.56858599698418
    ],
    [
      270.00154229920645,
      149.99898846365085
    ],
    [
      285.7133598904763,
      71.4314928457143
    ]
  ],
  [
    [
      270.00154229920645,
      149.99898846365085
    ],
    [
      149.99898846365085,
      179.99962692253973
    ],
    [
      149.99898846365085,
      120.00045192015877
    ]
  ],
  [
    [
      285.7154618058731,
      0
    ],
    [
      300.0000788426985,
      0
    ],
    [
      285.7154618058731,
      71.42518709952382
    ]
  ]
]
