[
  [
    [
      300.00062779890004,
      0
    ],
    [
      294.9992588358667,
      25.00057481646667
    ],
    [
      162.5016463074667,
      25.00057481646667
    ],
    [
      162.5016463074667,
      123.12396447190002
    ],
    [
      270.0007740189667,
      150.00135889923337
    ],
    [
      162.5016463074667,
      176.87457332743338
    ],
    [
      162.5016463074667,
      212.50070594083337
    ],
    [
      282.50106142720006,
      212.50070594083337
    ],
    [
      270.0007740189667,
      150.00135889923337
    ],
    [
      295.0013488354334,
      25.00057481646667
    ],
    [
      324.9991126158001,
      25.00057481646667
    ],
    [
      324.9991126158001,
      212.50070594083337
    ],
    [
      282.49897142763336,
      212.50070594083337
    ],
    [
      300.00062779890004,
      300.00062779890004
    ],
    [
      0,
      300.00062779890004
    ],
    [
      0,
      0
    ]
  ],
  [
    [
      149.9992688996667,
      179.99912267960005
    ],
    [
      162.49955630790004,
      176.87457332743338
    ],
    [
      162.49955630790004,
      123.12396447190002
    ],
    [
      149.9992688996667,
      119.99941511973336
    ]
  ],
  [
    [
      137.49898149143337,
      25.00057481646667
    ],
    [
      25.00057481646667,
      25.00057481646667
    ],
    [
      137.49898149143337,
      137.49898149143337
    ]
  ]
]
