[
  [
    [
      300.00068,
      0
    ],
    [
      269.9990066666667,
      150.00034
    ],
    [
      180.00000666666665,
      127.49958666666666
    ],
    [
      180.00000666666665,
      120.00067333333332
    ],
    [
      59.99933333333333,
      120.00067333333332
    ],
    [
      59.99933333333333,
      300.00068
    ],
    [
      0,
      300.00068
    ],
    [
      0,
      0
    ]
  ],
  [
    [
      300.00068,
      300.00068
    ],
    [
      180.00000666666665,
      300.00068
    ],
    [
      180.00000666666665,
      172.49908666666667
    ],
    [
      269.9990066666667,
      150.00034
    ]
  ]
]
