[
  [
    [
      269.9996166312001,
      150.00067887120005
    ],
    [
      230.00063960160008,
      139.99942961040006
    ],
    [
      300.0013577424001,
      0
    ]
  ],
  [
    [
      300.0013577424001,
      300.0013577424001
    ],
    [
      0,
      300.0013577424001
    ],
    [
      0,
      0
    ],
    [
      150.00067887120005,
      300.0013577424001
    ],
    [
      218.57264711760007,
      162.85742124960007
    ],
    [
      269.9996166312001,
      150.00067887120005
    ]
  ],
  [
    [
      150.00067887120005,
      180.00041331120008
    ],
    [
      150.00067887120005,
      120.00094443120004
    ],
    [
      230.00063960160008,
      139.99942961040006
    ],
    [
      218.57264711760007,
      162.85742124960007
    ]
  ]
]
