[
  [
    [
      300.00068,
      0
    ],
    [
      295.00006666666667,
      24.999053333333332
    ],
    [
      162.49986666666666,
      24.999053333333332
    ],
    [
      162.49986666666666,
      123.12505333333333
    ],
    [
      150.00034,
      120.00067333333332
    ],
    [
      150.00034,
      180.00000666666665
    ],
    [
      162.49986666666666,
      176.87562666666665
    ],
    [
      162.49986666666666,
      212.49998
    ],
    [
      282.50054,
      212.49998
    ],
    [
      300.00068,
      300.00068
    ],
    [
      0,
      300.00068
    ],
    [
      0,
      0
    ]
  ],
  [
    [
      137.50081333333333,
      24.999053333333332
    ],
    [
      24.999053333333332,
      24.999053333333332
    ],
    [
      137.50081333333333,
      137.50081333333333
    ]
  ]
]
