[
  [
    [
      270.00036371111116,
      150.0006702088889
    ],
    [
      168.6193509288889,
      124.65541701333335
    ],
    [
      272.5009717688889,
      0
    ],
    [
      299.99923375555557,
      0
    ]
  ],
  [
    [
      270.00036371111116,
      150.0006702088889
    ],
    [
      299.99923375555557,
      299.99923375555557
    ],
    [
      0,
      299.99923375555557
    ],
    [
      0,
      2.9998870044444446
    ],
    [
      134.99912852444444,
      165.00010523111112
    ],
    [
      150.0006702088889,
      146.99867654222223
    ],
    [
      150.0006702088889,
      179.99954025333335
    ]
  ],
  [
    [
      150.0006702088889,
      119.99969350222223
    ],
    [
      168.6193509288889,
      124.65541701333335
    ],
    [
      150.0006702088889,
      146.99867654222223
    ]
  ],
  [
    [
      284.99979873333336,
      -14.999435022222224
    ],
    [
      272.4988651066667,
      0
    ],
    [
      0,
      0
    ],
    [
      0,
      2.9998870044444446
    ],
    [
      -14.999435022222224,
      -14.999435022222224
    ]
  ]
]
