[
  [
    [
      150.00038,
      180.00005333333334
    ],
    [
      180.00005333333334,
      172.50038666666669
    ],
    [
      180.00005333333334,
      299.9997533333334
    ],
    [
      60.00035333333334,
      299.9997533333334
    ],
    [
      60.00035333333334,
      119.99970000000002
    ],
    [
      180.00005333333334,
      119.99970000000002
    ],
    [
      180.00005333333334,
      127.50037333333334
    ],
    [
      150.00038,
      119.99970000000002
    ]
  ]
]
