[
  [
    [
      299.9997295858667,
      0
    ],
    [
      270.0016512997334,
      150.00121813040002
    ],
    [
      150.00121813040002,
      120.00043316933336
    ],
    [
      150.00121813040002,
      179.99929641653335
    ],
    [
      270.0016512997334,
      150.00121813040002
    ],
    [
      291.00003543253337,
      255.00125881920005
    ],
    [
      105.00004068880003,
      255.00125881920005
    ],
    [
      149.99851145546668,
      299.9997295858667
    ],
    [
      0,
      299.9997295858667
    ],
    [
      0,
      0
    ]
  ],
  [
    [
      255.00125881920005,
      405.00247694960007
    ],
    [
      150.00121813040002,
      299.9997295858667
    ],
    [
      299.9997295858667,
      299.9997295858667
    ],
    [
      291.00003543253337,
      255.00125881920005
    ],
    [
      405.00247694960007,
      255.00125881920005
    ]
  ]
]
