[
  [
    [
      255.00125881920002,
      405.0024769496
    ],
    [
      150.0012181304,
      299.9997295858667
    ],
    [
      299.9997295858667,
      299.9997295858667
    ],
    [
      299.9997295858667,
      255.00125881920002
    ],
    [
      405.0024769496,
      255.00125881920002
    ]
  ],
  [
    [
      299.9997295858667,
      0
    ],
    [
      299.9997295858667,
      255.00125881920002
    ],
    [
      105.0000406888,
      255.00125881920002
    ],
    [
      149.99851145546668,
      299.9997295858667
    ],
    [
      0,
      299.9997295858667
    ],
    [
      0,
      0
    ]
  ]
]
