[
  [
    [
      255.00025681086674,
      405.0009153276668
    ],
    [
      179.99992755246672,
      330.0005860692668
    ],
    [
      179.99992755246672,
      255.00025681086674
    ],
    [
      405.0009153276668,
      255.00025681086674
    ]
  ],
  [
    [
      179.99992755246672,
      119.99923281190003
    ],
    [
      179.99992755246672,
      255.00025681086674
    ],
    [
      104.9995982940667,
      255.00025681086674
    ],
    [
      179.99992755246672,
      330.0005860692668
    ],
    [
      179.99992755246672,
      420.00054984550013
    ],
    [
      60.000694740566686,
      420.00054984550013
    ],
    [
      60.000694740566686,
      119.99923281190003
    ]
  ]
]
