[
  [
    [
      405.0007622936223,
      254.99999724617783
    ],
    [
      254.99999724617783,
      405.0007622936223
    ],
    [
      104.99923219873335,
      254.99999724617783
    ]
  ],
  [
    [
      329.9990764354223,
      0
    ],
    [
      329.9990764354223,
      214.28643482935558
    ],
    [
      115.71524827502225,
      214.28643482935558
    ],
    [
      115.71524827502225,
      0
    ]
  ],
  [
    [
      72.8563973077778,
      0
    ],
    [
      51.42957849311112,
      42.8562442982889
    ],
    [
      30.000153009488894,
      0
    ]
  ],
  [
    [
      64.28566978191112,
      85.71509526553335
    ],
    [
      42.8562442982889,
      107.14191408020002
    ],
    [
      34.28551677242223,
      85.71509526553335
    ]
  ],
  [
    [
      180.00091805693336,
      128.57133956382225
    ],
    [
      201.42773687160005,
      42.8562442982889
    ],
    [
      158.57149257331113,
      42.8562442982889
    ]
  ],
  [
    [
      265.7134066535112,
      42.8562442982889
    ],
    [
      244.2865878388445,
      85.71509526553335
    ],
    [
      287.1428321371334,
      42.8562442982889
    ]
  ],
  [
    [
      287.1428321371334,
      171.42758386211113
    ],
    [
      244.2865878388445,
      128.57133956382225
    ],
    [
      244.2865878388445,
      171.42758386211113
    ]
  ]
]
