[
  [
    [
      255.00125881920002,
      405.0024769496
    ],
    [
      105.0000406888,
      255.00125881920002
    ],
    [
      127.50062940960001,
      255.00125881920002
    ],
    [
      150.0012181304,
      299.9997295858667
    ],
    [
      172.49910017626667,
      255.00125881920002
    ],
    [
      127.50062940960001,
      255.00125881920002
    ],
    [
      0,
      0
    ],
    [
      299.9997295858667,
      0
    ],
    [
      172.5018068512,
      255.00125881920002
    ],
    [
      405.0024769496,
      255.00125881920002
    ]
  ]
]
