[
  [
    [
      404.99937930079994,
      255.00011807719997
    ],
    [
      255.00011807719997,
      404.99937930079994
    ],
    [
      105.00085685359998,
      255.00011807719997
    ]
  ],
  [
    [
      187.50022152706666,
      187.50022152706666
    ],
    [
      237.49997526826664,
      62.50083717406666
    ],
    [
      62.50083717406666,
      62.50083717406666
    ]
  ],
  [
    [
      162.50034465646664,
      62.50083717406666
    ],
    [
      362.49935962126665,
      187.50022152706666
    ],
    [
      362.49935962126665,
      62.50083717406666
    ]
  ]
]
