[
  [
    [
      405.00046000000003,
      255.00076
    ],
    [
      255.00076,
      405.00046000000003
    ],
    [
      105.00106000000001,
      255.00076
    ]
  ],
  [
    [
      137.50036,
      137.50036
    ],
    [
      25.00122,
      25.00122
    ],
    [
      137.50036,
      25.00122
    ]
  ],
  [
    [
      325.00062,
      25.00122
    ],
    [
      325.00062,
      212.49894
    ],
    [
      162.49904,
      212.49894
    ],
    [
      162.49904,
      25.00122
    ]
  ]
]
