[
  [
    [
      255.0004800000001,
      405.0012400000001
    ],
    [
      150.00076000000004,
      299.99881333333343
    ],
    [
      100.0005066666667,
      299.99881333333343
    ],
    [
      112.49989333333338,
      262.50065333333345
    ],
    [
      104.99972000000004,
      255.0004800000001
    ],
    [
      115.00085333333337,
      255.0004800000001
    ],
    [
      150.00076000000004,
      150.00076000000004
    ],
    [
      185.00066666666672,
      255.0004800000001
    ],
    [
      405.0012400000001,
      255.0004800000001
    ]
  ],
  [
    [
      150.00076000000004,
      150.00076000000004
    ],
    [
      0,
      200.0010133333334
    ],
    [
      0,
      100.0005066666667
    ]
  ],
  [
    [
      100.0005066666667,
      0
    ],
    [
      200.0010133333334,
      0
    ],
    [
      150.00076000000004,
      150.00076000000004
    ]
  ],
  [
    [
      299.99881333333343,
      100.0005066666667
    ],
    [
      299.99881333333343,
      200.0010133333334
    ],
    [
      150.00076000000004,
      150.00076000000004
    ]
  ]
]
