[
  [
    [
      255.00125881920002,
      405.0024769496
    ],
    [
      150.0012181304,
      299.9997295858667
    ],
    [
      299.9997295858667,
      299.9997295858667
    ],
    [
      291.00003543253337,
      255.00125881920002
    ],
    [
      405.0024769496,
      255.00125881920002
    ]
  ],
  [
    [
      299.9997295858667,
      0
    ],
    [
      270.00165129973334,
      150.0012181304
    ],
    [
      150.0012181304,
      120.00043316933333
    ],
    [
      150.0012181304,
      179.99929641653333
    ],
    [
      270.00165129973334,
      150.0012181304
    ],
    [
      291.00003543253337,
      255.00125881920002
    ],
    [
      105.0000406888,
      255.00125881920002
    ],
    [
      149.99851145546668,
      299.9997295858667
    ],
    [
      0,
      299.9997295858667
    ],
    [
      0,
      0
    ]
  ]
]
