[
  [
    [
      255.0003200000001,
      404.9995333333335
    ],
    [
      150.00072000000006,
      299.99993333333344
    ],
    [
      199.9994533333334,
      299.99993333333344
    ],
    [
      185.00058666666675,
      255.0003200000001
    ],
    [
      404.9995333333335,
      255.0003200000001
    ]
  ],
  [
    [
      112.49978666666671,
      262.50050666666675
    ],
    [
      104.99960000000004,
      255.0003200000001
    ],
    [
      114.99934666666671,
      255.0003200000001
    ]
  ]
]
