[
  [
    [
      255.00008058306034,
      405.0009520794413
    ],
    [
      135.71387338747937,
      285.7119429622857
    ],
    [
      -14.286998108901587,
      285.7119429622857
    ],
    [
      -14.286998108901587,
      -14.286998108901587
    ],
    [
      285.7119429622857,
      -14.286998108901587
    ],
    [
      285.7119429622857,
      255.00008058306034
    ],
    [
      104.99920908667937,
      255.00008058306034
    ],
    [
      135.71387338747937,
      285.7147448838603
    ],
    [
      285.7147448838603,
      285.7147448838603
    ],
    [
      285.7147448838603,
      255.00008058306034
    ],
    [
      405.0009520794413,
      255.00008058306034
    ]
  ]
]
