[
  [
    [
      0,
      0
    ],
    [
      75.00134277120002,
      0
    ],
    [
      75.00134277120002,
      150.00067887120002
    ],
    [
      150.00067887120002,
      299.99935107120007
    ],
    [
      225.00001497120005,
      150.00067887120002
    ],
    [
      225.00001497120005,
      300.00135774240005
    ],
    [
      74.99933610000001,
      300.00135774240005
    ],
    [
      74.99933610000001,
      150.00067887120002
    ]
  ],
  [
    [
      225.00001497120005,
      0
    ],
    [
      300.00135774240005,
      0
    ],
    [
      225.00001497120005,
      150.00067887120002
    ]
  ]
]
