[
  [
    [
      300.0006800000001,
      0
    ],
    [
      278.5714866666668,
      42.856380000000016
    ],
    [
      257.14229333333344,
      42.856380000000016
    ],
    [
      267.85789333333344,
      64.28557333333336
    ],
    [
      150.00034000000005,
      300.0006800000001
    ],
    [
      0,
      0
    ]
  ],
  [
    [
      42.856380000000016,
      42.856380000000016
    ],
    [
      85.7147666666667,
      128.57114666666672
    ],
    [
      128.57114666666672,
      42.856380000000016
    ]
  ]
]
