[
  [
    [
      300.0006800000001,
      0
    ],
    [
      287.4991466666668,
      24.999053333333343
    ],
    [
      162.49986666666672,
      24.999053333333343
    ],
    [
      162.49986666666672,
      212.49998000000008
    ],
    [
      193.74968666666675,
      212.49998000000008
    ],
    [
      150.00034000000005,
      300.0006800000001
    ],
    [
      0,
      0
    ]
  ],
  [
    [
      137.50081333333338,
      24.999053333333343
    ],
    [
      24.999053333333343,
      24.999053333333343
    ],
    [
      137.50081333333338,
      137.50081333333338
    ]
  ]
]
