[
  [
    [
      300.00028000000003,
      239.99924000000001
    ],
    [
      229.41140000000001,
      141.17612000000003
    ],
    [
      179.99984,
      239.99924000000001
    ]
  ],
  [
    [
      154.99968,
      239.99924000000001
    ],
    [
      214.70552000000004,
      120.58756000000001
    ],
    [
      164.28536000000003,
      50.00032
    ],
    [
      135.71492,
      50.00032
    ],
    [
      85.29476000000001,
      120.58756000000001
    ],
    [
      145.00060000000002,
      239.99924000000001
    ]
  ],
  [
    [
      120.00044000000001,
      239.99924000000001
    ],
    [
      70.58888,
      141.17612000000003
    ],
    [
      0,
      239.99924000000001
    ]
  ],
  [
    [
      199.99964000000003,
      100.00064
    ],
    [
      149.99932,
      199.99964000000003
    ],
    [
      100.00064,
      100.00064
    ]
  ]
]
