[
  [
    [
      299.9987319437167,
      239.99934688821668
    ],
    [
      280.35665683611666,
      212.50008040433335
    ],
    [
      162.50059285808334,
      212.50008040433335
    ],
    [
      162.50059285808334,
      47.5008681686
    ],
    [
      280.35846350233334,
      212.50008040433335
    ],
    [
      324.99937904995,
      212.50008040433335
    ],
    [
      324.99937904995,
      25.000647106233334
    ],
    [
      162.49878619186669,
      25.000647106233334
    ],
    [
      162.49878619186669,
      47.499061502383334
    ],
    [
      150.00026930496668,
      29.999692527750003
    ],
    [
      137.49994575185002,
      47.499061502383334
    ],
    [
      137.49994575185002,
      25.000647106233334
    ],
    [
      25.000647106233334,
      25.000647106233334
    ],
    [
      100.00078175871667,
      100.00078175871667
    ],
    [
      0,
      239.99934688821668
    ]
  ],
  [
    [
      137.49994575185002,
      47.5008681686
    ],
    [
      137.49994575185002,
      137.49994575185002
    ],
    [
      100.00078175871667,
      100.00078175871667
    ]
  ]
]
