[
  [
    [
      300.00016000000005,
      239.99975809523812
    ],
    [
      150.00008000000003,
      29.999276190476195
    ],
    [
      100.00005333333335,
      100.00005333333335
    ],
    [
      128.57149714285717,
      42.85716571428572
    ],
    [
      42.85716571428572,
      42.85716571428572
    ],
    [
      83.19343047619049,
      123.52969523809526
    ],
    [
      0,
      239.99975809523812
    ]
  ],
  [
    [
      257.14299428571434,
      42.85716571428572
    ],
    [
      300.00016000000005,
      128.57149714285717
    ],
    [
      342.85732571428576,
      42.85716571428572
    ]
  ]
]
