[
  [
    [
      74.99916666666667,
      0
    ],
    [
      74.99916666666667,
      135.00050666666667
    ],
    [
      0,
      239.99934
    ],
    [
      74.99916666666667,
      239.99934
    ],
    [
      74.99916666666667,
      300.00068
    ],
    [
      224.99950666666666,
      300.00068
    ],
    [
      224.99950666666666,
      239.99934
    ],
    [
      300.00068,
      239.99934
    ],
    [
      224.99950666666666,
      135.00050666666667
    ],
    [
      224.99950666666666,
      0
    ]
  ]
]
