[
  [
    [
      300.0002171576,
      239.9998038212476
    ],
    [
      150.0001085788,
      29.999281906095238
    ],
    [
      100.00192191002857,
      100.00007238586667
    ],
    [
      128.57152163897143,
      42.85717387965714
    ],
    [
      42.85717387965714,
      42.85717387965714
    ],
    [
      83.1934463266381,
      123.52971877361905
    ],
    [
      0,
      239.9998038212476
    ]
  ],
  [
    [
      100.00007238586667,
      100.00192191002857
    ],
    [
      85.71434775931428,
      128.57152163897143
    ],
    [
      83.1934463266381,
      123.52971877361905
    ]
  ],
  [
    [
      257.14304327794287,
      42.85717387965714
    ],
    [
      300.0002171576,
      128.57152163897143
    ],
    [
      342.8573910372571,
      42.85717387965714
    ]
  ]
]
