[
  [
    [
      300.0006133333333,
      239.99940666666666
    ],
    [
      280.35672666666665,
      212.50013333333334
    ],
    [
      324.99946,
      212.50013333333334
    ],
    [
      324.99946,
      25.000653333333332
    ],
    [
      162.50063333333333,
      25.000653333333332
    ],
    [
      162.50063333333333,
      47.50088
    ],
    [
      150.00030666666666,
      29.9997
    ],
    [
      137.49998,
      47.50088
    ],
    [
      137.49998,
      25.000653333333332
    ],
    [
      25.000653333333332,
      25.000653333333332
    ],
    [
      100.00080666666666,
      100.00080666666666
    ],
    [
      0,
      239.99940666666666
    ]
  ]
]
