[
  [
    [
      150.0002266666667,
      30.00050666666667
    ],
    [
      85.71342666666668,
      119.99972000000001
    ],
    [
      60.00101333333334,
      119.99972000000001
    ],
    [
      60.00101333333334,
      155.9998666666667
    ],
    [
      0,
      239.99944000000002
    ],
    [
      60.00101333333334,
      239.99944000000002
    ],
    [
      60.00101333333334,
      420.0001733333334
    ],
    [
      180.00073333333336,
      420.0001733333334
    ],
    [
      180.00073333333336,
      239.99944000000002
    ],
    [
      300.0004533333334,
      239.99944000000002
    ]
  ]
]
