[
  [
    [
      0,
      0
    ],
    [
      0,
      300.0006800000001
    ],
    [
      300.0006800000001,
      300.0006800000001
    ],
    [
      288.00081333333344,
      239.9993400000001
    ],
    [
      300.0006800000001,
      239.9993400000001
    ],
    [
      283.3333066666668,
      216.66582000000008
    ],
    [
      269.9990066666668,
      150.00034000000005
    ],
    [
      300.0006800000001,
      0
    ]
  ],
  [
    [
      240.9083600000001,
      157.27250000000006
    ],
    [
      228.2603400000001,
      139.5656733333334
    ],
    [
      269.9990066666668,
      150.00034000000005
    ]
  ]
]
