[
  [
    [
      300.0004972753334,
      239.99919382100003
    ],
    [
      225.00137628922226,
      135.00042444044448
    ],
    [
      225.00137628922226,
      239.99919382100003
    ]
  ],
  [
    [
      75.00112765155556,
      239.99919382100003
    ],
    [
      75.00112765155556,
      300.0004972753334
    ],
    [
      224.9993696237778,
      300.0004972753334
    ],
    [
      224.9993696237778,
      239.99919382100003
    ],
    [
      75.00112765155556,
      239.99919382100003
    ],
    [
      75.00112765155556,
      135.00042444044448
    ],
    [
      150.0002486376667,
      30.001655059888893
    ],
    [
      224.9993696237778,
      135.00042444044448
    ],
    [
      224.9993696237778,
      0
    ],
    [
      75.00112765155556,
      0
    ],
    [
      75.00112765155556,
      135.00042444044448
    ],
    [
      0,
      239.99919382100003
    ]
  ]
]
