[
  [
    [
      285.7143652859176,
      219.99977366995566
    ],
    [
      285.7143652859176,
      240.00031335462867
    ],
    [
      0,
      240.00031335462867
    ],
    [
      149.99993906074928,
      29.99875523986033
    ],
    [
      285.7143652859176,
      220.00182795710487
    ],
    [
      285.7143652859176,
      -14.285512835580958
    ],
    [
      -14.285512835580958,
      -14.285512835580958
    ],
    [
      -14.285512835580958,
      285.7143652859176
    ],
    [
      285.7143652859176,
      285.7143652859176
    ],
    [
      285.7143652859176,
      240.00031335462867
    ],
    [
      299.99987812149857,
      240.00031335462867
    ]
  ]
]
