[
  [
    [
      0,
      0
    ],
    [
      70.58851333333337,
      141.17702666666673
    ],
    [
      0,
      239.9993400000001
    ],
    [
      120.00067333333338,
      239.9993400000001
    ],
    [
      150.00034000000005,
      300.0006800000001
    ],
    [
      180.00000666666674,
      239.9993400000001
    ],
    [
      300.0006800000001,
      239.9993400000001
    ],
    [
      229.41216666666676,
      141.17702666666673
    ],
    [
      300.0006800000001,
      0
    ]
  ]
]
