[
  [
    [
      300.0013577424001,
      239.9998821912001
    ],
    [
      229.4106782688001,
      141.17734560480005
    ],
    [
      180.00041331120008,
      239.9998821912001
    ]
  ],
  [
    [
      120.00094443120004,
      239.9998821912001
    ],
    [
      150.00067887120005,
      300.0013577424001
    ],
    [
      180.00041331120008,
      239.9998821912001
    ]
  ],
  [
    [
      119.99893776000005,
      239.9998821912001
    ],
    [
      70.58867280240003,
      141.17734560480005
    ],
    [
      150.00067887120005,
      29.99973444000001
    ],
    [
      229.41268494000008,
      141.17734560480005
    ],
    [
      300.0013577424001,
      0
    ],
    [
      0,
      0
    ],
    [
      70.58867280240003,
      141.17734560480005
    ],
    [
      0,
      239.9998821912001
    ]
  ]
]
