[
  [
    [
      0,
      0
    ],
    [
      70.58851333333337,
      141.17702666666673
    ],
    [
      0,
      239.9993400000001
    ],
    [
      120.00067333333338,
      239.9993400000001
    ],
    [
      150.00034000000005,
      300.0006800000001
    ],
    [
      180.00000666666674,
      239.9993400000001
    ],
    [
      300.0006800000001,
      239.9993400000001
    ],
    [
      229.41216666666676,
      141.17702666666673
    ],
    [
      300.0006800000001,
      0
    ]
  ],
  [
    [
      50.00011333333335,
      50.00011333333335
    ],
    [
      135.71488000000005,
      50.00011333333335
    ],
    [
      85.2933666666667,
      120.58862666666671
    ]
  ],
  [
    [
      144.99972666666673,
      239.9993400000001
    ],
    [
      155.0009533333334,
      239.9993400000001
    ],
    [
      150.00034000000005,
      250.00056666666677
    ]
  ],
  [
    [
      214.70530666666676,
      120.58862666666671
    ],
    [
      164.28580000000005,
      50.00011333333335
    ],
    [
      250.00056666666677,
      50.00011333333335
    ]
  ]
]
