[
  [
    [
      299.9993510712001,
      239.9998821912001
    ],
    [
      229.4106782688001,
      141.17533893360005
    ],
    [
      180.00041331120008,
      239.9998821912001
    ]
  ],
  [
    [
      155.00130350160006,
      239.9998821912001
    ],
    [
      150.00067887120005,
      250.0011314520001
    ],
    [
      145.00005424080004,
      239.9998821912001
    ],
    [
      154.99929683040006,
      239.9998821912001
    ],
    [
      214.7057917152001,
      120.58689242160004
    ],
    [
      164.28617114400006,
      50.00022629040002
    ],
    [
      250.0011314520001,
      50.00022629040002
    ],
    [
      214.7057917152001,
      120.58889909280005
    ],
    [
      229.41268494000008,
      141.17734560480005
    ],
    [
      300.0013577424001,
      0
    ],
    [
      0,
      0
    ],
    [
      70.58867280240003,
      141.17734560480005
    ],
    [
      0,
      239.9998821912001
    ],
    [
      120.00094443120004,
      239.9998821912001
    ],
    [
      150.00067887120005,
      300.0013577424001
    ],
    [
      180.00041331120008,
      239.9998821912001
    ]
  ],
  [
    [
      120.00094443120004,
      239.9998821912001
    ],
    [
      70.58867280240003,
      141.17734560480005
    ],
    [
      85.29355935600003,
      120.58889909280005
    ],
    [
      50.00022629040002,
      50.00022629040002
    ],
    [
      135.71518659840004,
      50.00022629040002
    ],
    [
      85.29556602720002,
      120.58689242160004
    ],
    [
      145.00005424080004,
      239.9998821912001
    ]
  ],
  [
    [
      150.00067887120005,
      29.99973444000001
    ],
    [
      164.28617114400006,
      50.00022629040002
    ],
    [
      135.71518659840004,
      50.00022629040002
    ]
  ],
  [
    [
      199.99889849040008,
      100.00045258080004
    ],
    [
      149.99867220000004,
      199.99889849040008
    ],
    [
      100.00045258080004,
      100.00045258080004
    ]
  ]
]
