[
  [
    [
      299.9998675597017,
      239.99913138309233
    ],
    [
      195.00000924688976,
      92.99932974515556
    ],
    [
      134.99927307028034,
      165.0005944894214
    ],
    [
      91.15368124603077,
      112.38435897098377
    ],
    [
      149.99898044901454,
      29.99941475746838
    ],
    [
      195.00000924688976,
      93.00123640682821
    ],
    [
      285.00016018096755,
      -14.99970737873419
    ],
    [
      -14.99970737873419,
      -14.99970737873419
    ],
    [
      91.15368124603077,
      112.38435897098377
    ],
    [
      0,
      239.99913138309233
    ]
  ]
]
