[
  [
    [
      284.9991186760953,
      -15.000900736761908
    ],
    [
      135.0009085019048,
      165.00091044319052
    ],
    [
      92.81267471200003,
      114.37466998885718
    ],
    [
      128.5711798151905,
      42.857659782476205
    ],
    [
      42.857659782476205,
      42.857659782476205
    ],
    [
      57.32229991228573,
      71.78514050985716
    ],
    [
      92.81267471200003,
      114.37466998885718
    ],
    [
      85.71531956495241,
      128.5711798151905
    ],
    [
      57.32229991228573,
      71.78694004209525
    ],
    [
      -15.000900736761908,
      -15.000900736761908
    ]
  ],
  [
    [
      342.85767919533345,
      42.857659782476205
    ],
    [
      300.0000194128572,
      128.5711798151905
    ],
    [
      257.142359630381,
      42.857659782476205
    ]
  ]
]
