[
  [
    [
      285.00051666666667,
      -15.000526666666667
    ],
    [
      272.500605,
      0
    ],
    [
      0,
      0
    ],
    [
      3.750131666666667,
      7.500263333333334
    ],
    [
      -15.000526666666667,
      -15.000526666666667
    ]
  ],
  [
    [
      230.83317833333334,
      49.99964666666667
    ],
    [
      189.16733333333335,
      99.99929333333334
    ],
    [
      99.99929333333334,
      99.99929333333334
    ],
    [
      128.74924833333336,
      157.500785
    ],
    [
      66.24969,
      82.49973333333334
    ],
    [
      49.99964666666667,
      49.99964666666667
    ]
  ]
]
