[
  [
    [
      149.99923419555554,
      -14.999923419555556
    ],
    [
      149.99923419555554,
      147.001254849
    ],
    [
      147.50008251619445,
      149.99923419555554
    ],
    [
      122.5010457075,
      149.99923419555554
    ],
    [
      -14.999923419555556,
      -14.999923419555556
    ]
  ],
  [
    [
      285.00105164325,
      -14.999923419555556
    ],
    [
      149.99923419555554,
      -14.999923419555556
    ],
    [
      149.99923419555554,
      -149.99923419555554
    ],
    [
      -149.99923419555554,
      -149.99923419555554
    ],
    [
      -149.99923419555554,
      149.99923419555554
    ],
    [
      122.5010457075,
      149.99923419555554
    ],
    [
      134.999310776,
      165.00166428680555
    ],
    [
      147.50008251619445,
      149.99923419555554
    ],
    [
      149.99923419555554,
      149.99923419555554
    ],
    [
      149.99923419555554,
      147.001254849
    ]
  ]
]
