[
  [
    [
      284.9999,
      -14.99876
    ],
    [
      158.07608666666667,
      137.30877333333333
    ],
    [
      275.0007266666667,
      224.99964666666668
    ],
    [
      74.99901333333334,
      375.00028000000003
    ],
    [
      74.99901333333334,
      93.00065333333335
    ],
    [
      -14.99876,
      -14.99876
    ]
  ],
  [
    [
      375.00028000000003,
      74.99901333333334
    ],
    [
      375.00028000000003,
      375.00028000000003
    ],
    [
      175.00117333333336,
      224.99964666666668
    ]
  ]
]
