[
  [
    [
      285.0003566666667,
      -15.000406666666668
    ],
    [
      172.49976333333336,
      120.00079666666667
    ],
    [
      179.9999666666667,
      120.00079666666667
    ],
    [
      179.9999666666667,
      419.9991033333334
    ],
    [
      59.99917000000001,
      419.9991033333334
    ],
    [
      59.99917000000001,
      120.00079666666667
    ],
    [
      97.50018666666668,
      120.00079666666667
    ],
    [
      -15.000406666666668,
      -15.000406666666668
    ]
  ]
]
