[
  [
    [
      284.9997987333335,
      -14.99943502222223
    ],
    [
      272.4988651066668,
      0
    ],
    [
      0,
      0
    ],
    [
      3.7498587555555574,
      7.499717511111115
    ],
    [
      -14.99943502222223,
      -14.99943502222223
    ]
  ],
  [
    [
      189.16562758222233,
      99.99904236444449
    ],
    [
      99.99904236444449,
      99.99904236444449
    ],
    [
      128.74866171111117,
      157.49828105777786
    ],
    [
      66.25031356444448,
      82.49899928444448
    ],
    [
      49.999521182222246,
      49.999521182222246
    ],
    [
      230.83329967555568,
      49.999521182222246
    ]
  ],
  [
    [
      272.50097176888903,
      0
    ],
    [
      299.99923375555574,
      0
    ],
    [
      150.00067020888898,
      299.99923375555574
    ],
    [
      3.7498587555555574,
      7.499717511111115
    ],
    [
      66.25031356444448,
      82.49899928444448
    ],
    [
      150.00067020888898,
      249.99971257333345
    ],
    [
      249.99971257333345,
      49.999521182222246
    ],
    [
      230.83329967555568,
      49.999521182222246
    ]
  ],
  [
    [
      150.00067020888898,
      200.0001913911112
    ],
    [
      128.75287503555563,
      157.5046010444445
    ],
    [
      134.9991285244445,
      165.0001052311112
    ],
    [
      189.16562758222233,
      99.99904236444449
    ],
    [
      200.0001913911112,
      99.99904236444449
    ]
  ]
]
