[
  [
    [
      284.999727979581,
      -14.999138770590477
    ],
    [
      284.4043484601905,
      -14.285085630780953
    ],
    [
      -14.285085630780953,
      -14.285085630780953
    ],
    [
      -14.285085630780953,
      -14.144286420114287
    ],
    [
      135.00029460449525,
      165.00058356297146
    ],
    [
      284.4043484601905,
      -14.285085630780953
    ],
    [
      285.7137811193905,
      -14.285085630780953
    ],
    [
      285.7137811193905,
      285.7137811193905
    ],
    [
      -14.285085630780953,
      285.7137811193905
    ],
    [
      -14.285085630780953,
      -14.14227500281905
    ],
    [
      -14.999138770590477,
      -14.999138770590477
    ]
  ]
]
