[
  [
    [
      285.00017333333335,
      -14.99984
    ],
    [
      251.66666000000004,
      24.999733333333335
    ],
    [
      162.49987333333334,
      24.999733333333335
    ],
    [
      162.49987333333334,
      132.00052000000002
    ],
    [
      135.00016666666667,
      164.99984666666668
    ],
    [
      -14.99984,
      -14.99984
    ]
  ],
  [
    [
      137.50014000000002,
      24.999733333333335
    ],
    [
      24.999733333333335,
      24.999733333333335
    ],
    [
      137.50014000000002,
      137.50014000000002
    ]
  ]
]
