[
  [
    [
      272.5002550000001,
      0
    ],
    [
      230.83272500000007,
      50.000450000000015
    ],
    [
      50.000450000000015,
      50.000450000000015
    ],
    [
      66.25023000000002,
      82.50001000000002
    ],
    [
      3.750400000000001,
      7.499335000000002
    ],
    [
      0,
      0
    ]
  ],
  [
    [
      189.16666000000004,
      99.99943500000002
    ],
    [
      134.99975000000003,
      165.00002000000003
    ],
    [
      128.75006000000002,
      157.50068500000003
    ],
    [
      99.99943500000002,
      99.99943500000002
    ]
  ]
]
