[
  [
    [
      284.999200256,
      -14.9987231744
    ],
    [
      158.07569855146667,
      137.30843620693335
    ],
    [
      74.99882919253334,
      74.99882919253334
    ],
    [
      74.99882919253334,
      93.00042499413334
    ],
    [
      -14.9987231744,
      -14.9987231744
    ]
  ],
  [
    [
      134.99893521066667,
      164.99898821973335
    ],
    [
      158.07569855146667,
      137.30843620693335
    ],
    [
      275.00005147306666,
      224.99909423786667
    ],
    [
      74.99882919253334,
      374.9993592832
    ],
    [
      74.99882919253334,
      93.00042499413334
    ]
  ],
  [
    [
      374.9993592832,
      74.99882919253334
    ],
    [
      374.9993592832,
      374.9993592832
    ],
    [
      175.00074366293333,
      224.99909423786667
    ]
  ]
]
