[
  [
    [
      284.999200256,
      -14.9987231744
    ],
    [
      272.5002642773334,
      0
    ],
    [
      150.00026504533335,
      0
    ],
    [
      150.00026504533335,
      146.9999990784
    ],
    [
      134.99893521066667,
      164.99898821973335
    ],
    [
      -14.9987231744,
      -14.9987231744
    ]
  ],
  [
    [
      272.5002642773334,
      0
    ],
    [
      449.99818847573334,
      0
    ],
    [
      449.99818847573334,
      300.0005300906667
    ],
    [
      150.00026504533335,
      300.0005300906667
    ],
    [
      150.00026504533335,
      146.9999990784
    ]
  ]
]
