[
  [
    [
      284.99979873333336,
      -14.999435022222224
    ],
    [
      272.4988651066667,
      0
    ],
    [
      0,
      0
    ],
    [
      0,
      2.9998870044444446
    ],
    [
      -14.999435022222224,
      -14.999435022222224
    ]
  ],
  [
    [
      134.99912852444444,
      165.00010523111112
    ],
    [
      272.5009717688889,
      0
    ],
    [
      299.99923375555557,
      0
    ],
    [
      299.99923375555557,
      299.99923375555557
    ],
    [
      0,
      299.99923375555557
    ],
    [
      0,
      2.9998870044444446
    ]
  ]
]
