[
  [
    [
      285.0004623655778,
      -15.000412229911111
    ],
    [
      172.49982730882223,
      120.00084117171112
    ],
    [
      97.50022282684445,
      120.00084117171112
    ],
    [
      -15.000412229911111,
      -15.000412229911111
    ]
  ],
  [
    [
      134.99879673404445,
      164.9996211938667
    ],
    [
      172.49982730882223,
      120.00084117171112
    ],
    [
      180.00003342377778,
      120.00084117171112
    ],
    [
      180.00003342377778,
      419.99925909962224
    ],
    [
      59.99919225206667,
      419.99925909962224
    ],
    [
      59.99919225206667,
      120.00084117171112
    ],
    [
      97.50022282684445,
      120.00084117171112
    ]
  ]
]
