[
  [
    [
      74.99916666666667,
      374.99984666666666
    ],
    [
      74.99916666666667,
      93.00097333333333
    ],
    [
      135.00050666666667,
      165.00017333333332
    ],
    [
      158.07717333333332,
      137.30817333333331
    ],
    [
      274.99962,
      224.99950666666666
    ]
  ],
  [
    [
      374.99984666666666,
      74.99916666666667
    ],
    [
      374.99984666666666,
      374.99984666666666
    ],
    [
      174.99939333333333,
      224.99950666666666
    ]
  ]
]
