[
  [
    [
      74.99916666666667,
      374.99984666666666
    ],
    [
      74.99916666666667,
      107.14195333333333
    ],
    [
      85.71476666666666,
      128.57114666666666
    ],
    [
      102.27177333333333,
      95.45512666666666
    ],
    [
      274.99962,
      224.99950666666666
    ]
  ],
  [
    [
      374.99984666666666,
      74.99916666666667
    ],
    [
      374.99984666666666,
      374.99984666666666
    ],
    [
      174.99939333333333,
      224.99950666666666
    ]
  ]
]
